-0.9212411883  1.166407177  -1.599564491  1.466894255  2.403070174  2.208195985  -1.58862922  1.352724639  -2.87572626  2.808141318  
4.71410893  -0.3115067842  -1.598597271  -2.678035459  -0.4195098086  3.491351218  -1.964442464  0.7207172806  1.097215267  3.212987921  
1.645623958  1.021379372  -1.567756807  -0.1704384899  0.2476083989  -1.552077932  -3.450396521  0.7465230822  3.54155744  -0.4457383178  
-0.02951703586  -0.09276947159  0.5850776569  2.197450197  3.080472538  -0.4812337769  -0.8528079519  -1.092551191  -2.664025629  2.490038824  
-1.339097406  -0.3461882789  -1.104422306  -3.03610638  -2.844781277  2.102725056  1.127608263  -0.9092632706  -0.8672417671  3.488967413  
-0.7348008439  1.117902425  3.117824581  -1.654628274  0.4446467278  0.4950348184  1.478828766  -0.8561498345  -0.8825954017  -0.06107336808  
-3.535460218  1.618460098  2.910727227  1.329930454  -0.09482395922  -5.030915324  1.125679461  -1.900720496  -0.7934413045  -2.538091248  
1.342836095  -0.3663275399  -1.277053776  -0.3035095346  -0.6685355407  1.792466684  0.9783099729  0.5395822471  1.12213055  -0.4244766373  
0.5690454539  -0.2069483859  -0.6772400381  0.8666923732  0.2959228581  1.185413023  -0.04655540278  0.3471258695  -0.6239000218  -0.293583434  
-0.4754230301  -4.117460802  1.564475632  -1.797526778  1.147840305  -2.788143547  2.057242985  -0.3545977731  -0.4166224822  -1.2144584  
1.517475044  -2.204305043  0.1868226023  0.5080431169  -0.6173179746  0.6541596945  0.6655356978  0.5238884933  1.699213814  -0.9272171829  
2.659297807  -1.907774047  -3.315595382  -1.758576777  -1.20613771  2.310984303  3.084244835  1.714563702  3.311161807  -1.000234235  
-1.626067771  0.8591596411  0.25010794  1.263361761  0.6842702379  -0.4695681792  1.461015224  -2.254107954  -1.166844553  0.5928104081  
2.469351325  1.269573958  0.7843449438  3.553842045  -4.243286924  1.950232175  -0.4338558556  2.565444735  -1.313894833  -1.886244442  
-3.954136114  -0.8007047191  1.800884631  -0.1601369204  0.07501193459  -0.3726965748  0.9936483225  -1.106705295  0.3017744697  -1.628907882  
-2.948232127  1.591981707  5.479455922  -0.07579105116  -0.4198060519  -5.199540882  -1.663159235  0.4826965187  0.8447734901  -2.46043571  
-0.08299119568  0.4912718577  1.603002557  1.131549867  1.052875042  -0.4600629353  1.710646771  -0.6035306105  -1.481211732  -2.424392954  
1.01536323  2.590023871  -0.9949058765  1.700599976  -2.244162112  -1.498692986  -3.397279494  0.4943975944  0.03355351847  0.7225987731  
1.828321788  1.303962359  -2.518539112  3.119454937  0.7356365374  -2.429297558  -5.637284792  0.7627915519  1.585782413  0.9660324712  
0.6717459636  1.941229391  5.815486987  -4.383046008  -0.3191987652  -2.672992067  1.276520509  -3.034542781  1.279271838  -5.472813312  
1.327540425  0.7316763322  -1.380718163  -0.3252254843  -0.7251880139  1.69330174  -0.7667990063  1.592568029  0.03406395142  1.103878294  
3.438703292  0.6506621494  1.845217225  1.940678503  0.7423338703  0.574018687  -0.4290359889  0.3363873928  -0.1199389785  -0.5830099079  
-3.055970817  3.387406518  1.553012728  -4.326166592  -1.609637674  -1.885175092  4.576124407  -2.745425436  -0.8991099597  -2.12704895  
-1.281817957  0.9759725927  -2.260879662  1.526727732  0.7214399338  -1.419917813  -4.773676228  2.412221412  1.380161183  1.124874111  
-0.506132196  -0.5029832702  -0.6486666277  3.054143762  -0.8087842375  -0.788832445  -4.843464576  2.779853647  -0.8899499343  -1.811619885  
1.310178741  -3.148456076  0.9016434401  -2.51396268  -1.919150934  0.6275909711  3.858783687  -0.2896111585  2.988756507  -1.261072239  
-1.406074825  -3.889251321  -3.150407589  0.9207323391  2.741145428  0.3554778369  -1.274912198  -0.0335562169  0.8148693561  2.950654905  
-5.046172165  -0.219064312  1.411104373  -0.4771572818  2.479751005  -2.878741735  0.09066724107  -1.770927935  -0.002591573575  0.3134464238  
-6.013024651  -2.487122175  -2.975491499  5.370129424  0.248121529  -2.942656538  -2.410525662  -3.366610784  -2.4847784  6.384903937  
1.03175262  -0.1666818212  -2.027103312  3.823678185  1.047152958  0.4922416326  -2.442475095  -2.751468182  -0.9210767918  4.058387947  
2.243999684  0.8716118193  1.206113637  -8.318630658  2.718292298  3.909032324  5.733761684  0.6882231177  0.5895713954  -1.127958354  
2.066631259  -3.269933592  1.779707882  -5.050260141  -0.2961623659  5.138149575  1.985948855  3.158497986  0.5773813586  -1.960878749  
3.446739964  0.5200515272  0.6741465316  -6.180302378  0.1579092553  1.40770862  -0.308600578  1.106731849  -1.61157236  -2.898710989  
-1.494925987  -0.199237192  -0.5950758985  -5.662434114  -0.7002998141  2.773063231  3.681386773  0.2284133453  0.8018635098  0.3334258726  
2.072316125  -1.100005481  -1.271561416  2.712460901  -0.1634433555  -1.400752048  -2.114177528  1.947598497  0.8067908941  -1.449465209  
-1.510873851  -4.74359012  -5.307301214  3.958562755  -1.395967749  1.177439275  5.806547063  -0.932684822  -0.9722993922  5.614996289  
-0.684472098  1.777047462  -2.209822194  4.361067516  1.181213916  -0.2976531045  4.572898916  -1.67480035  -4.394388966  0.2613647481  
1.523064796  0.680824775  1.167899913  0.8671639072  0.8368907627  3.170376499  3.934420463  2.4203355  -0.5109581617  -4.10651409  
0.2417753769  0.4016268879  0.1423725488  -0.08554017891  0.05265367609  2.387357565  -4.398360887  -1.172155346  -1.448857946  1.344190352  
-2.301259881  0.05401598774  -0.5654667136  -0.9188556325  -2.319289415  1.478333096  -3.581463223  -0.4575607847  1.341990576  1.669234692  
-4.377410084  1.354903123  1.431848788  -1.138108529  -1.073620117  -1.770414907  -3.71861392  -1.20196226  2.413867227  0.3744608851  
-3.610260339  -1.401240686  -0.8122367671  0.01752088126  0.80236401  0.7914354931  2.179079927  0.1079135708  -0.2450951217  -1.040304559  
-1.171281875  -2.166298795  0.3689206856  0.551977711  -2.362089401  -0.6386378634  3.596782438  0.006393335883  1.852252835  -1.433109512  
1.661635217  0.5851385304  5.058992402  2.022831696  2.078337734  -8.919056966  2.374506508  -2.588460494  -0.9875675265  -2.752863071  
0.5163984378  1.668653614  -1.668053126  0.498175344  -1.808931627  2.683607227  -3.385986558  1.803352434  0.05674382485  0.3129693409  
-1.298569944  -0.1110745233  1.755669654  1.537108621  0.5318148073  -2.04049613  -1.424522706  0.3251836978  -0.6439540305  -2.529727206  
2.000077356  1.292395394  -2.760841388  2.673609046  1.855019664  -0.4438141477  -3.815340409  -1.799316315  -0.7828765759  2.19146528  
2.838455182  -1.582375641  2.428038432  1.622700387  1.552122115  -1.920104599  -4.273327962  -1.770898236  -0.1216536475  1.387661526  
-0.4864455818  -5.809883456  -0.4498290357  -3.775253401  1.326069451  3.92300788  2.807367847  0.5254155017  0.5443559111  -0.7138845248  
-0.5002077488  4.610390072  0.290324305  0.8787144133  -1.511543285  -1.133779981  1.37942221  -0.4691209042  -0.2401722026  3.174621089  
2.400650721  0.2782246293  0.05896207712  -2.345757077  1.615226783  -0.2023451917  5.48698784  -0.5013186425  -1.462285015  -1.829479295  
0.599339347  -5.613271017  -2.105892497  -3.960908185  1.490833297  3.712718937  5.151099568  0.3031494064  3.149210244  3.739365694  
1.589727919  2.89929894  -3.419336461  -2.932006184  -2.394488133  1.471002844  -0.6631533564  2.246705906  0.6574702818  -1.013407485  
-3.375458998  4.608935058  -3.774209394  1.721458448  -1.645300874  0.1624786687  2.579060723  0.6098647638  0.9763003175  -1.794889678  
-0.5262282418  1.220335935  -6.119460411  3.743763484  -0.4279765325  0.2867172592  -1.915716404  2.46395671  0.5326530705  -1.36470215  
-1.232183136  1.920173491  2.302572349  -0.2640982335  0.04752053817  -0.9399782655  -0.9708382372  1.834491639  -0.9989274552  1.261323342  
-1.093044661  -0.6602697601  1.116799344  -0.7993210069  -2.146927016  -0.3186107514  -0.909574171  -0.2271675804  0.9218410585  1.81141264  
1.851384813  -4.65390654  0.7281452563  -4.923834791  -0.6094937632  3.258954801  -3.870600036  1.423925871  1.785219545  0.01536800347  
2.027374036  1.751991332  -1.522291847  3.949669172  -1.963903861  0.7393645441  2.328341664  2.751693283  -1.0220436  -1.626583445  
2.925631628  2.172155755  -2.872871031  9.333114585  1.464498014  -2.54237998  -2.187047086  -2.151948433  -3.229043054  -0.2724531257  
-1.400120348  3.233514206  1.515594694  6.499538014  -0.109507626  -3.806041895  -3.22980995  -3.264422992  -0.132309055  1.684388848  
-3.303970881  1.033356307  -2.771356621  5.442515753  -1.416920415  -3.157493146  -3.11119679  0.6958819349  -3.853301756  1.888440793  
3.203192014  -0.24865573  1.110881294  0.3749690642  2.372338914  5.141836406  2.935773943  2.325274848  -1.184670305  -4.65287028  
-0.6621354757  1.537635902  2.638369396  -3.25411884  -0.8128088181  2.162425437  4.101311071  1.40337094  0.3109768418  -1.138107674  
0.8337948231  -0.6376557654  3.231843631  -3.34339278  2.289345541  0.6109993168  -1.139799798  -0.7841465053  2.039967114  -2.089085897  
4.568209362  2.228723018  3.225213537  0.7333963981  1.094140689  -2.634427971  0.908377336  -1.235402877  -1.593501025  1.10077883  
0.7044085679  2.957215965  -3.033733861  1.596033654  1.366421918  -0.9128529044  -6.816317677  -0.3871500191  2.255265214  2.754498434  
-0.384294983  -4.122198758  -5.999572156  1.024247133  -0.2630016454  -3.867602246  -6.380381021  -0.03728978923  3.086796891  1.863607  
-0.4389211787  -4.521835859  0.5965441317  0.3285027724  0.1035299249  0.3925001974  0.5608731019  -1.373474827  -0.01570184113  -1.681441727  
2.035232251  -0.4939020511  3.130228642  4.883389768  -1.201148051  0.2478408168  0.5066567946  -0.4208235909  0.2561525154  -2.888244934  
-0.4997720907  -3.286288178  -3.18336992  4.726825245  -1.414768478  -0.01887026761  -2.782318877  0.7314766891  -1.360748006  -1.005309561  
2.986315591  3.608042802  -5.438486147  6.52954162  -0.3844115894  -2.51255452  -4.473382086  3.468431035  0.3189602575  1.184384502  
-2.103416236  6.233221171  0.8274152328  -1.910523914  2.386843771  -2.697596922  3.397386578  -2.654659383  -2.577367233  -0.3327958676  
-4.47300112  2.055631654  0.7224198619  -7.004884424  -0.9904538192  1.159491667  8.605552643  -1.899363119  -0.3686966352  0.4691693681  
0.2425569803  2.404480964  0.4662824873  -2.398596115  0.7270430254  1.46167133  2.655631074  -0.08976592922  -3.754855105  0.5429644528  
3.021729477  -1.576643335  4.306716464  -5.547045023  1.432089674  2.379785156  -0.09573519248  0.2753673281  1.362502372  -0.5358172246  
2.818413472  -1.312394978  3.273431668  -5.135943443  0.4048803666  0.8493656614  -0.15811222  1.551405502  2.063129986  -2.198366679  
1.522691311  0.2053002166  3.318086187  -4.832001247  -2.442694892  -0.3559822813  3.208012963  -0.1536697626  3.04992477  1.721190744  
-2.185767862  -1.471667037  -0.7221798919  -7.017370737  0.8353361675  0.7016349813  -0.1572412972  0.7769345167  3.679111769  1.500949179  
0.5700817117  -0.08462338037  2.480716486  -2.640162147  -1.561651581  2.566290862  1.828426363  0.9875928701  0.9190938945  -0.5704751068  
-0.8370262132  3.319151547  2.133634014  -2.128452382  -0.618613242  1.591656712  5.075702423  2.666397809  2.49205992  -2.435975299  
-1.414263594  -5.188866546  -2.254241436  4.618875245  -0.6368393573  1.568842463  -6.231329114  2.081351844  0.9560951011  1.025000067  
0.3555262733  -2.861927938  -0.481639603  4.391413735  1.07786657  -0.4475809081  -3.261065675  1.005577268  -1.61855795  0.04910761152  
1.599501499  -0.2388370419  5.745164278  -5.929298575  -0.9005357166  2.150960503  -0.1040529047  -2.988151657  -1.329920554  -0.4774706126  
-0.616597294  3.826391594  8.366458484  -7.863092024  -0.7232533097  -0.5821960432  3.579738055  -2.954941055  2.611299105  1.157160599  
-1.063851797  0.9474931891  4.136471129  -5.889959351  -0.909696598  2.928477661  3.010988564  0.1272794637  -0.4232046665  1.601948187  
0.72833602  1.700019193  0.4384447251  4.224225353  0.8127539722  0.3456145174  -1.584923975  0.520552052  -1.55418977  -0.0319711198  
0.03972549176  -2.222996991  -0.3453810772  0.09744284211  2.513290829  0.9241828423  -0.6966110042  -2.252955307  0.7185242226  -0.6431751959  
0.02397922159  1.422796976  -3.39879129  -0.2713451216  -1.767153105  1.269712137  1.282234316  0.8632949524  -0.8676165967  3.420015126  
1.544260043  0.3515755489  -1.412787289  0.5512467725  -0.4044090235  1.269385357  2.32203448  1.217076569  -1.300237872  -0.3383543741  
0.4544993249  2.9819095  -0.8254041688  1.103208258  -0.07177013619  -1.814223358  -2.587115559  0.2300672297  -1.827136569  -2.007995269  
-2.774087684  -1.740033017  -3.789173412  4.480956137  2.635962906  0.7071663636  1.263277761  0.9884886219  0.8066769834  -0.278395253  
-0.6854279244  -3.501513535  -1.4084213  0.372262556  -0.9895419872  3.278505886  6.212847368  -1.048361306  -2.974010727  -0.009830320124  
1.797719138  -7.311891419  -1.844018938  1.401658533  -1.013928905  1.155312691  4.712778262  0.2853540236  -1.516503316  -0.5827905026  
2.154680024  -2.92303716  -2.237998757  2.028769855  0.9191040096  1.695848583  -2.314142712  -0.2844716995  -3.040518997  1.140690345  
2.379589521  0.9441157611  -0.2707298161  0.3207847745  3.195849439  -2.805250318  -1.505252138  0.2147425415  -0.8257954105  0.2264836798  
-2.703320602  2.93976496  -4.605767725  4.061798125  1.862275174  -3.847793055  -5.72161837  1.822083509  1.386479885  -0.2823354007  
-3.013192544  1.292256256  -5.862207833  7.028145857  -2.551716863  -3.453643823  -1.103455616  0.4111082106  2.56323854  2.613551586  
-2.767347006  5.415599853  4.595500965  3.707186651  -0.2225692882  -5.650762842  -6.210499873  -1.932264031  -1.128631247  1.922690647  
-3.520174029  4.254574814  7.193375863  2.514210869  1.032242858  -7.284786949  -7.298880515  -4.11813341  -1.017607561  0.2730422975  
-3.51836999  2.900794197  8.22289076  0.8448009769  -2.137253289  0.7789648507  -3.697306362  -4.297570726  -2.41271392  -1.98316002  
0.5139819846  1.511201207  0.8313906015  -1.480866857  1.423180179  -0.8357449574  -3.262199171  -0.1114753336  0.204995457  -1.709322178  
-3.746353489  0.2207538025  1.921004358  -6.189648184  0.5599218862  -1.707482981  -0.6354023388  -0.2583271836  2.957943686  1.847925493  
-1.859475333  -4.689313815  1.67245365  -4.129643047  -1.072448212  2.794937914  7.372744131  -1.56330023  0.5626596051  -1.00501326  
0.5906338724  -6.16800919  -0.9125291434  -3.675121001  1.446167857  0.7353488964  7.182980898  -0.3926967354  2.310688705  0.413557474  
-0.2882279348  -5.859910491  -3.222789678  -3.834918706  -1.550107528  2.426925989  2.167420951  -1.25204726  1.094415835  2.038705105  
1.686273608  -3.674842399  -3.955444508  0.9010878102  -0.5541565472  0.7473427025  1.496300294  0.6355739198  -2.378283187  1.396463286  
0.0805053167  1.797878546  -5.110144829  6.799119162  0.4012733136  -3.740887334  -3.805579988  0.4088460886  -0.5604612702  -0.4471834644  
-1.179588365  -4.792295922  -0.2320435263  5.370909085  0.0712867  -2.296318468  -3.46265916  -0.7779328246  -1.553776898  2.255374798  
-0.3616945228  -6.229895498  -0.9068823497  2.280849827  -1.972396918  0.8275751806  -2.173279887  -1.264229032  -2.126681407  -0.4666009841  
6.277161937  -2.211906388  0.504483352  -2.606401103  0.06522530891  1.695515704  3.768369165  1.570407256  -1.555888363  -3.773664563  
4.788335999  3.040002475  -0.5442307895  -3.451565672  0.8284202922  -0.7314673678  -4.594395702  1.224497767  2.133563054  0.61734231  
2.65456563  6.289176561  0.266098062  -5.656612115  0.8010907625  0.03433183776  -2.299654632  0.9540361794  1.347709175  3.262493652  
-0.07430801583  2.805840857  -3.690899951  -1.549472905  -1.541991248  0.9833269308  -0.4001723079  3.123724396  3.28426669  2.509124855  
2.057294571  -0.6111118483  -0.5817712689  -1.835012963  0.5236037943  -0.9110350131  -1.822656696  1.441959934  2.615516204  2.371990278  
1.60862015  6.897186469  3.376190286  -4.945548329  0.1989884317  -0.7527168393  -4.724047301  0.9134793878  1.182095838  -0.08921624736  
2.04773116  6.642453151  1.398308826  -0.7757080791  -0.1637747508  2.457630462  -0.5002677852  3.116461577  0.4905916165  -2.167693332  
-0.6418843579  3.705171809  1.555619026  0.5346548431  1.854877557  -0.02927456332  1.443002776  0.2857645817  -0.5259384925  -5.371409054  
-8.136913754  -8.025015514  -0.07595633817  2.318578645  -0.9278753073  1.983512139  9.892251423  -3.198620144  -0.3932758598  -0.2564647473  
-0.1638049975  -2.002173859  -1.851788182  8.997371259  -0.8062627218  1.86429571  4.280345544  -0.6343822903  -3.255750605  -2.636734078  
