0.8418000433  2.320370213  1.151784557  0.5078780576  -0.8542028776  1.126704354  0.0386310932  1.488488046  0.4133777027  -2.239554303  
1.689448646  3.519978399  2.860439079  -0.2059828664  0.2155135391  -0.07970897357  0.4326627565  -1.471322175  -2.165659687  -3.362693691  
1.347061618  -0.05033134885  -2.383330375  6.852833466  -1.184931499  -1.309641605  -0.06546626442  1.299330666  -0.8606594742  -2.220842955  
2.306849592  -1.454297943  -4.233485633  3.866922122  -0.5329294606  -0.03844865078  -3.196902714  2.606118495  -0.08886913508  -0.4890463138  
-0.9577708454  -1.070145778  -3.066273428  2.399083855  1.236625941  -1.917369444  -5.280084471  1.808561044  -0.1855587218  -0.8262115409  
1.174106586  1.458333816  1.425729303  2.793236357  0.3556814035  -2.415497867  0.438643562  0.8419852635  -1.769417975  -1.904373392  
-1.521909691  -2.231486043  -0.6471788385  -2.211609386  0.2871624592  -0.7046812389  -0.6185547446  -1.417326755  -0.3605768157  2.511461697  
-2.197100263  -2.075776958  -0.8958164688  -6.462278485  1.344096194  1.974089293  1.746561259  -2.087994176  0.2751693274  4.269718446  
-1.668730935  -3.197044076  1.285186013  -8.63642441  0.4421120063  2.159600729  3.72594927  -2.323665011  1.155630622  4.564610432  
-5.126241042  -5.409202922  1.961187487  -10.1387956  0.8285681239  -0.352056145  6.794042223  -3.09468787  2.176696908  8.044059956  
-2.193863095  -3.271441145  0.2968298796  -4.013341928  0.5089106437  0.2718403744  1.414651009  -1.581768768  2.453067081  6.401320717  
0.0976035244  -2.482298118  1.468150532  -2.019379383  -0.3029242053  1.950426727  -2.095740903  -1.314268484  0.5312012782  1.078440708  
0.6841762604  2.696978137  2.671884002  1.690628611  -1.235741187  0.2513719248  2.882667628  1.139400526  -0.3296482375  -2.627877154  
-2.293387103  3.049773789  2.394969592  2.232941902  -0.579974487  -3.471549251  3.807880627  -0.6072734725  0.917233035  -4.016437383  
-0.4818677627  1.71995932  2.202192088  -1.164926274  -1.350729367  -0.7898662937  2.288054066  -1.527119616  2.161964774  -1.317194499  
-0.1290969651  1.32078308  0.5151252643  0.9699513547  0.5382050126  1.502266916  -1.248982642  0.7377175882  0.1561428041  -1.067530273  
0.7262981188  2.278299667  -2.772338501  3.838041581  0.6439247389  0.2358925059  -4.578625361  0.7255392229  -0.5888976064  0.2418352993  
-1.940346255  0.3060519027  -2.513600236  4.167966295  0.5617255601  -2.155906715  -3.652746414  0.6056126641  -0.180081084  -1.778383548  
1.641284067  -0.3318406932  -0.9353185951  3.743059457  0.3294168227  -1.305614576  -0.7052993116  -0.03645064935  0.394888607  -0.4489567807  
2.14728146  -0.1897210649  0.2270259123  2.390448513  0.8555386525  -1.484807545  -1.536096178  -1.29356695  0.05850314961  -1.223838056  
-0.694598413  1.761147995  3.846917589  2.880046078  -1.194201035  -2.519728493  -0.977398412  -0.536422363  -0.1261814972  -3.329517549  
0.5995978534  4.497524952  2.539817589  2.386615757  0.409595462  1.291369745  -1.260094012  -0.5421481039  -2.033365591  -5.902143167  
0.4522820222  0.7780714461  1.723884051  -3.777548409  -1.002394468  3.155451427  3.419581305  0.6603989358  0.008035144934  1.722309273  
3.799101752  0.6325185398  0.3015221225  -2.147649376  -0.4792117113  3.015930519  0.228490233  3.193231117  -1.141278303  0.164625708  
-0.6658501425  -0.04803352537  -1.676154475  -3.364957428  -0.7844752566  1.704381197  -2.522724789  0.768696183  -1.585655345  3.110613797  
4.255581661  0.08156495583  -1.834892689  0.01512373631  -0.3574438563  4.188707457  -2.472737246  1.495644148  -0.2438811385  2.013657348  
-0.01333840742  1.040419186  -4.043410244  4.603484198  -1.744437442  -1.402424208  -2.637337206  1.756858305  1.697382254  0.3395474408  
-0.09993582706  0.6464824607  -2.163788352  2.804329144  -2.556777892  -0.4559138587  -0.06853910548  2.130137562  1.291855206  1.92001049  
-1.052509966  0.2469101311  -2.516519262  -0.350583233  0.7149421138  0.2443466051  3.884758248  2.495570662  2.134099118  -3.102558656  
1.941966139  -0.583149992  0.1102752271  0.2941854097  -0.3747677881  2.618365752  2.2622825  1.229205772  0.9567898789  -1.731679246  
0.3457403618  -1.663140679  1.003597712  -0.192251833  -0.4127621379  -0.3514777154  1.190083018  -0.1787288726  0.4377609798  -0.2398506656  
-0.4637804689  -0.4737709259  1.380009416  -2.961869073  -0.2001563534  -1.470565738  -2.322082994  -1.285696194  0.6706615484  2.41033324  
1.090942112  -1.690846352  1.893427138  -4.577681858  0.711875676  0.1662856866  -1.173124752  -1.766493191  -1.19715314  1.760325946  
0.8127476835  1.065444305  1.269605528  -0.5030297158  -0.330639381  -0.5969220013  -0.9158710952  -1.257278483  -1.30094802  0.1875637985  
-0.09779939881  2.534888163  1.146977558  2.217599401  2.09943639  -2.241932913  -0.3509707678  -1.870662308  -2.191490224  -2.454839224  
-1.887644745  -0.4447136123  -1.649627596  5.791647544  1.824672533  -1.776376662  -3.709988851  -1.901798618  -3.50557349  -0.1335993159  
-4.353405005  -0.6588314418  -2.342939425  2.573547129  2.290524537  -2.151860865  -0.6228786128  -1.129241703  -4.154509419  -0.1444268713  
-3.30401441  -2.125525502  -1.841147375  -0.709572323  3.056746774  -1.439564831  -0.5572039367  -1.979756101  -0.4403795039  0.5113656589  
-0.3389553424  -0.7145727085  -1.107086304  1.868366943  0.3900912915  0.2593794053  -0.9269344414  0.1315150304  1.11389217  -0.8463490248  
1.700309083  0.1393925425  2.255577868  1.388365801  0.8817862381  2.487510793  0.8747145578  -0.5202705973  1.389254106  -0.6146058675  
2.954934892  2.80091289  -0.5689098597  4.033983592  0.6526259605  -1.158969375  -3.289768882  1.433846411  1.46929473  -1.973846718  
-0.5935627327  -2.1591714  -2.031061809  -0.6662035138  0.5444942714  2.289380247  0.3798642334  -0.3321975928  -2.428363979  0.411334439  
0.9307363853  -2.602681695  -3.819924954  -1.578417163  0.8027290277  3.522928947  1.573774951  2.482563493  -1.116242138  -1.696889427  
0.4718588723  0.9230130236  1.397796842  -1.080959726  -1.339166329  2.317666724  -0.4556278675  -1.002094217  -1.662112564  -1.126528176  
1.793716352  -0.2679214841  -0.03525286339  -1.39222962  -1.38217305  0.979513434  3.949954986  -0.2321771906  0.2999053252  1.303074202  
0.5755291477  -2.329905135  0.82361319  -4.54990095  0.4548879858  1.952656106  2.291286596  2.11604214  0.5198585337  -0.930230739  
2.035406423  -3.584123496  2.092713355  -4.613022379  0.04961976372  0.8254766351  3.999209153  2.772452441  0.978592362  -2.365447256  
0.3114518974  -2.979151682  -2.139157382  -3.207618794  -0.6172407356  3.004919196  1.815252473  2.060865496  3.775178974  2.929983781  
0.8619011027  2.341194934  -0.5963028243  -1.726341254  -0.7002954688  1.415048187  5.917122491  2.097915411  3.413694615  -1.03572534  
-1.072769117  3.557052566  0.6292506909  1.098326903  -1.166406768  -2.062825798  3.487053723  -0.1279742219  3.272937083  -0.008857484141  
2.022884502  0.6539441286  1.863198507  -0.3141922198  -3.500688948  0.6942624871  -0.188364324  0.2151560338  0.8120292829  2.319940614  
2.176219407  -0.3872880386  -0.08304138121  -2.647458107  0.9857882954  -1.668479745  -1.248539163  1.507100179  1.091387309  -0.1306890538  
0.7891931063  -1.077089788  2.372021343  -0.9944275103  -1.280586298  -2.079003879  -1.910394263  0.5993510294  1.620758688  1.169740358  
-3.273778509  3.503422518  3.025550838  0.816551127  -0.2357231076  -5.344689073  0.2778467437  -2.896681342  -0.8396209381  3.229691967  
-1.339742337  3.729102717  1.023716861  0.3057004933  -2.912575253  -0.6666356046  -1.406416078  -2.435322067  -0.3903882263  3.224330486  
-0.960473497  -0.09937027065  -1.234261567  2.708285789  1.029147329  -1.730550042  -1.436382907  -3.263377924  -1.560885912  2.513244212  
-1.79940768  0.5828835683  -1.973093887  6.714134393  1.903576638  -4.740116528  -5.528502513  -3.290779481  -2.743291738  -0.8665712363  
1.547276924  -0.2096818912  2.311767493  2.939518052  -2.186015779  1.480671869  2.66417827  1.128715006  -1.53939153  -4.004133439  
-2.113544116  -5.620414187  -0.3427418109  -4.078188985  1.924955249  2.952357098  5.35522151  -1.777404186  -2.698017019  -0.9066130015  
-1.939683208  -5.532095353  -4.295461578  -0.6602702825  -0.05123535607  1.369037595  -1.361985311  -0.1879297253  -1.757152617  1.203414835  
1.520739273  0.150336635  -2.071860271  -2.080714407  1.703490726  -1.578273856  2.824864677  1.266363265  -1.278790489  -1.87107761  
0.6208126215  1.632533959  -0.6080300102  1.104507244  0.8985188972  -2.778678664  -0.7773634334  1.550447555  0.6522224586  -2.126370576  
0.01852452749  0.2585910947  0.5065846298  1.464181868  0.107571178  -0.1238356388  -0.6946673655  -0.2651600679  0.797568343  -0.1992774366  
-0.1261073551  0.4855136075  0.4924295614  -1.626132897  0.6425337179  -0.5289213449  -1.710144792  0.3971106911  0.9103194881  2.236184203  
0.05341061775  1.06044729  1.250221133  0.6394042868  0.01626264797  2.782885425  -0.1646498938  1.434721756  0.1940382133  -1.568883801  
2.054814457  0.7504812717  0.5564733659  3.141743056  -0.3747194129  -0.391288542  -3.909425624  0.6035230588  0.6318291244  -2.000160097  
-1.427716202  3.556758407  1.887988634  2.785696797  0.1989304089  -3.409680309  -7.243881341  0.1595260446  -0.4011087621  -1.588095984  
0.4252288618  2.45611835  2.986998425  0.1851510746  -1.39821842  0.7128832697  -1.577697459  -0.09959467586  0.6862149823  -1.125414888  
-0.142972186  -2.805737801  -2.067570899  -3.508203002  0.7563663949  1.03939952  5.344687925  -1.090296649  0.4707895618  2.206657372  
1.261867732  1.779618423  -0.302085892  2.75584566  0.4401767037  -2.312630172  -1.219421018  0.6497683095  -1.008911499  -2.194432612  
-2.180691814  -0.6000175418  3.240447892  -6.100942825  0.002904382166  3.888863345  1.084958998  -2.45489762  0.2918215721  3.068445703  
-0.2949512139  1.636824455  1.679014716  -1.169916115  -1.553726521  1.728963291  -0.3988472793  -0.4310901633  -0.1716632091  3.096372581  
-0.3627852398  3.030159203  1.522064901  -5.032794888  2.214519397  -1.090872741  1.646830567  -1.123734846  -1.429546272  1.808274934  
-1.901646797  -5.531532612  -1.851450504  0.450354748  -0.4098713627  0.7755804569  -0.1399508822  0.6123320182  -0.4476324195  0.5430396816  
3.123642479  -2.450268119  -1.604322948  2.525779878  -0.3819543518  -0.7992413025  0.9954692901  2.066346322  1.846594637  -4.460965283  
-1.374372507  2.354135004  -2.639439045  5.037601482  -0.868946146  0.3355046203  -2.812457964  -0.8122618742  0.1112598782  1.624289385  
-0.8638562884  0.8174034224  0.2166833203  1.387035447  -0.3732583565  -1.075170743  0.6917184334  0.4079097783  -0.7494324485  0.05710038177  
0.1570141995  -0.6829853437  -0.9596189126  -0.37824942  0.6558730047  -0.8619621778  -0.7547033773  -0.06079744769  -0.5719254153  1.293992283  
-2.516266704  0.1362294228  0.8545453007  2.734391031  0.03929942054  0.1236756282  2.438665854  -2.083545369  -2.577573503  -0.6237698905  
-1.03101852  -0.3600486315  -1.185293385  0.1569677498  0.6771985147  -0.8655528082  -2.520063236  -0.6797565514  1.217014916  2.027082615  
0.4623713475  2.560966031  -0.0762819687  -2.228523778  -1.458543328  -1.524323716  -2.862802307  1.93027407  4.474674876  3.04319788  
3.017253026  -1.387212599  -1.926273834  1.93065583  -0.4033075415  0.5005242194  -1.564184714  2.237801167  0.4664009124  -2.210574841  
1.187098131  0.8825187758  2.025004768  -0.08408718396  -2.183174485  -1.832796549  -3.22604859  0.3339983944  1.624473845  -1.397887835  
-3.729501671  0.8782089974  -0.5678612415  -1.894976143  -0.7736851806  1.319982277  0.1662505309  0.08225963961  2.691720137  0.8063590105  
2.929174367  -0.59179103  -0.1329179036  1.171556042  1.27991593  1.895685243  2.166913901  0.6170173417  -0.575921431  -3.340675697  
1.00120013  -3.874377432  0.1134358244  -1.489268005  0.8891763345  3.318120254  2.865946591  0.116146967  -0.2136139546  -1.657534098  
0.55308637  -3.497556764  -3.418463086  1.207280645  0.7917021853  -0.4023200376  2.170333336  2.127845193  -0.7595084567  -1.372608987  
0.4398800227  -1.526455624  -2.029749114  -0.2790475675  1.062278167  0.1964401346  2.35952525  2.300293596  -0.4688503527  -0.7598800565  
-1.788720217  -0.3888620014  0.4137114503  -0.8840052288  0.3886302417  2.180834749  -0.3517565217  0.4394195486  -0.4405512901  -1.377912048  
1.04924233  -1.373398163  0.5535739364  -1.346309389  1.137061475  1.694020445  0.2211061234  -0.8977011618  -2.406446643  -1.406599044  
0.6507130185  -1.391054974  -1.276104317  0.6189930712  0.7527442108  -0.4002962954  -0.1587092429  -0.2643563011  -0.8786449262  -0.1914980085  
-1.549450514  -0.06429880217  1.110936656  -0.250487834  -1.051829285  -1.917016659  -1.03380472  -1.605587152  -0.9199857859  1.355360203  
-3.749715149  -0.1550980501  0.1486918808  -0.8441844115  0.4044016069  -1.562755615  1.489267362  0.9947180883  2.234739743  0.9108166158  
-0.3149413608  -0.1497522886  -1.242251971  -0.4143851491  0.2960444549  0.02554994569  1.162288379  0.5697209128  1.51405919  2.144976949  
-0.737219396  -0.9311218178  -1.179069886  1.823414935  -1.305861808  -2.826579795  3.371821807  -0.8297703456  1.440581652  1.566354626  
0.7886341521  3.260517254  4.961645812  -7.475753326  0.5847428166  -0.8960441671  2.959091557  -1.526423195  0.9501616463  0.3140681884  
0.03814107472  1.601532269  1.518866425  -1.694526145  -1.239945716  0.5965997401  -1.815445831  -0.40898647  0.3085428496  2.029067156  
1.976122614  1.722818531  -1.628110389  3.420398784  -0.4118565194  3.185548288  -6.488395061  0.04019696112  -0.03440347075  0.6179711822  
-1.038757308  3.479411363  1.783953347  2.264298328  -1.983382198  -1.003167538  -4.155049422  -0.6320961988  0.03938205434  3.163535696  
-1.822291736  2.563128836  1.26927168  -2.598380581  -1.995558673  3.632079767  1.799908473  -1.662525203  0.8804536153  2.754036853  
-0.6190048086  2.543326048  1.629132167  -1.681634835  -1.922513448  0.75030899  0.6565325994  0.3915531633  -0.2615393197  -0.9087555748  
3.246631072  0.2444803983  0.8036163379  -0.7353385614  0.7181947123  1.814889029  4.053561653  -0.08774395626  1.188232666  -3.210804776  
2.510837914  -1.419902393  1.931710705  -3.083321391  -0.4387829884  4.057241958  4.317501738  0.1426346625  -0.08353293709  -1.049781324  
-0.3836786864  0.1036058275  1.00120541  -2.063197117  0.4094179574  -1.6584391  -2.038689908  -1.089691819  -1.004588291  0.3337202444  
0.3079678884  2.015839695  4.260091927  -2.077889879  0.3130286609  0.1513600258  1.033134023  -3.083882372  -2.49872773  2.352937948  
-1.3616375  0.8870491629  1.507961935  3.257005722  3.11444375  -4.11087976  2.744332652  -2.73726811  -3.037814731  -2.828288201  
-0.6655427763  -0.07833439447  -0.2210228043  4.527754048  1.902893088  -1.813702163  0.8965029478  -1.343019633  -3.045485945  -2.315983411  
-0.0818454836  1.664696983  0.3711553407  2.109126513  0.01582629362  -1.345120112  -2.391805356  0.5844534025  -1.777716897  0.1680148251  
-2.141872753  0.9255394408  -3.938901477  4.568640505  2.030522321  -3.81435413  -6.392935243  -0.06377137139  -1.259537723  1.222870442  
1.520404402  0.930867044  0.8468869903  1.864388643  0.8129332263  0.03747198323  -2.264719934  0.5641400838  -2.511665012  -1.099718394  
1.005829425  -2.90846916  0.0602848544  3.605148451  0.8507868593  -1.348790234  -3.945702293  -0.05592928436  0.3714439913  -0.2693392431  
-1.558268048  -5.233611376  -4.109533347  2.21898011  0.1063181014  -1.681304173  0.5881630932  1.662505251  2.770903986  -1.619426158  
1.189703013  -4.123606362  -3.973891225  -0.1648979835  0.674716508  0.4746198718  1.455908678  0.964738543  0.2649745865  -0.3397907812  
2.215759543  -1.502749824  -3.728220629  0.4962337265  -1.678529547  0.9596275528  3.03700221  3.70068912  0.7173355461  -0.3911276205  
-0.4116355475  -2.478663124  -1.823877937  -0.1705876644  -0.436436699  -1.315145787  0.000237336582  1.945463673  2.419828904  1.015985966  
-2.523131406  -0.3804962432  0.9668720496  -2.412983079  -1.034703522  -0.1144596744  1.350942408  -1.216285425  2.151992952  2.385983843  
-0.0605053757  2.759112004  0.4253786078  0.897146446  -0.8435436432  0.6748689248  -2.648992741  1.369449806  1.924553449  1.072638772  
1.204731553  3.057861799  -0.09335498383  -2.689604652  -0.7250344395  2.794576029  0.513597619  -1.071284218  1.307541441  0.3166224695  
-0.6879726843  0.3379439813  0.2851764921  1.187733784  0.4428072105  -1.398561919  -0.6078820796  -0.4091217939  -0.9019720611  -1.660730154  
1.367061633  0.1914730467  3.743915308  -5.022762937  -0.1090182084  3.60940723  2.645080216  -0.4349285197  -2.296570273  -0.8571054432  
