-0.2018874123  -1.531295609  0.6585831871  0.6529066819  1.429466236  1.005603649  0.7653442276  -0.1832552676  -2.134652327  -0.1212693621  
-2.991108475  -2.010072262  0.7026313749  -4.616692174  1.2744151  1.132824147  2.503236182  1.344532358  -0.9609347678  3.665282628  
-2.114378569  -2.304401213  -1.169336404  2.271995254  1.32131939  -0.7139576687  -1.837534411  0.5525793486  -1.843238508  0.7157673297  
-0.3411084883  1.727270246  1.647410993  -0.419088757  0.109671229  -0.07497199035  1.677090735  -1.734345661  -0.1559186908  0.3739330655  
0.8170882955  0.71248199  1.210685227  -2.11302586  -0.1643130536  0.8151348502  1.719748575  -0.1767972456  0.7775273525  -0.6148873267  
2.898104656  -1.022923288  -0.02314933079  4.123450496  0.5859932645  -0.5749689523  -2.114112335  1.47668223  -3.44215464  -5.889633397  
1.104304358  1.057531228  -1.218251982  1.50952409  -1.758600892  0.3049461655  0.2726298225  -0.591084717  0.7166337271  0.1318490257  
2.495023763  2.809627137  -3.273725417  4.040003285  -1.92972005  -0.415557725  0.3173119022  -0.1727212209  2.374683753  1.884637037  
-3.586135528  1.160414045  -3.706459329  5.158342835  -0.2966873886  -7.74664513  -9.244916493  -0.564066709  3.093998747  3.146801606  
1.150663341  2.049452468  -0.5952129295  0.1119671368  -0.3340071195  -1.154667746  -5.762324633  2.25309097  2.999964117  -4.46615599  
-0.3664487125  2.979490391  0.5807127922  2.001951798  -1.217462345  -1.855677191  -3.320992522  -0.5062365188  -1.505664661  -0.9442464905  
-1.040157233  1.124754705  0.08634836788  1.473954839  -0.49969813  -1.704446717  -4.138487769  -0.51203255  0.488106034  -0.5475119026  
0.1795887268  -0.7789823778  -0.9332447498  0.5721327585  -1.192741173  -0.07108664714  -2.221897475  0.5831004718  0.7560720913  0.4729339854  
-0.6031993447  1.231832426  0.4335475593  0.1129566636  0.8001757511  0.08554958047  0.7246380167  -1.364110463  -1.932550137  0.01285999742  
0.8270308212  -0.9102784044  -0.7879749949  -1.263254849  1.30796411  2.562678215  3.73871152  0.9261010714  -0.6095767188  -2.470340995  
2.586911846  -1.549163502  0.05952933483  -3.312795878  -0.1439106221  4.224262523  5.863460698  1.93569279  0.5785589029  -0.2406452232  
3.410902325  -0.8509253205  1.745045728  -1.910376592  -0.07640556628  2.619312445  3.598100869  -0.9005382988  -0.1835241491  -1.509639468  
-1.660753222  0.06366161203  2.060139704  0.3939313685  0.01383736349  -0.3988719827  1.802414776  -0.5340123383  0.3254597906  -2.674381019  
0.6417509456  0.862316112  5.329941043  -4.206645373  0.00625368787  1.85436435  5.288919831  -0.6211935331  0.4507614307  -2.887770838  
-3.784540988  -3.280955877  -0.7790699837  -2.40844101  -0.6546377283  0.1888496536  6.760609398  -0.2286694668  2.286915597  2.129832164  
-1.081064608  -0.7682461695  2.921190804  -5.066422125  -0.9430876422  1.661507172  7.580994337  -3.766821442  2.475007294  5.592663634  
-1.993548514  0.0238592811  -0.6238452795  -1.847898227  2.681724617  2.169099755  -0.4478776343  -3.617602217  -1.396477694  6.181505774  
-0.803495586  -2.049548297  0.7635476314  0.6149855135  0.8354666259  2.712223768  1.56925538  -1.808587252  -1.426155478  2.053949894  
2.881868167  -2.146792964  -4.272403773  1.388630446  1.039862531  -0.2619523798  -6.807048076  2.669761285  0.9948873259  -1.234514845  
1.294786225  4.524025296  0.3416917821  2.035347356  1.297297257  -2.668815177  -6.231209284  -0.3739513533  -2.503339818  -1.561739198  
-3.993359091  1.105332563  -0.9856865751  2.618271253  -0.8452040314  -0.6323425474  -1.946590486  1.22200083  0.02000453981  -1.770311736  
-0.3328908752  -0.6641428501  0.7218315371  -0.8365753363  -0.4679820789  -1.289421666  2.717266509  -0.7657126908  -1.064240884  -0.4149881858  
1.463518119  1.655612308  4.963973881  -1.402922409  -0.7364194716  -0.03047604292  -0.1305784164  0.7380922197  -0.2896081935  -1.113706007  
0.988182574  -2.940969374  -2.423599362  1.051429339  1.943834789  0.4367278662  -3.528166577  0.1250003959  -2.425948929  0.6342391027  
1.561541165  -3.457174186  -2.107745133  1.707231081  1.735948114  1.336001532  0.2839778839  0.9914390241  -3.46098101  -2.060369556  
0.5881430506  -4.806314304  -3.877152285  0.7139058098  2.653879241  1.984740916  1.078386847  1.210600534  -2.000260946  -0.4172918336  
4.182179269  -3.249270357  -1.440324779  -2.181305958  -1.572589629  0.6280743724  2.991537228  4.541001774  4.145063069  0.6502190458  
2.671651299  -0.9460180844  -0.795719856  0.2248834492  -2.531709727  0.08812925674  1.173775104  2.716455537  3.759201619  1.121382802  
0.3274864208  3.340968036  1.357404021  1.492866298  -1.021758505  -1.050836645  -2.221971114  -0.3609412111  1.578085384  -0.0321264709  
1.863927204  2.414295131  1.677285568  -5.147854407  -2.05088479  0.5075636855  1.850541608  1.441050311  2.178530177  -1.264132588  
2.815271288  5.061884342  7.152161671  -6.851273345  -1.748964845  -0.08347339557  3.422957489  0.09379752981  -1.885217275  -2.650879087  
2.013762709  1.095497051  2.933212932  -2.171089336  0.6258794866  -1.422819255  -0.679631297  -1.758126939  -0.5300727374  0.4211315803  
1.99548799  0.2851594994  1.351504437  -2.803134852  0.349687041  0.1027373313  -1.322043571  -0.5109414717  -0.7698573101  3.684759622  
0.04524628931  2.461227708  0.1955178949  -0.3620318647  -0.898603143  -0.1439187605  -0.6984479811  -1.970526075  -0.4169025354  3.54336303  
-3.947658829  1.354444692  -2.702157527  4.508249048  1.072143654  -2.687996972  -0.3497108874  -1.766705423  -1.935203158  2.834085267  
-3.003639253  -1.193441419  -2.644221204  6.436879405  -2.679234481  -1.276398117  -2.509040299  0.456977759  -0.0202792573  2.357344107  
-1.73288091  0.5368272453  -1.28884939  2.482708841  0.9211148376  -0.8662510574  -0.7561510668  -1.143235579  -0.8822306336  0.7726294867  
-5.86347441  3.639405679  0.7746934015  1.765637909  -0.8382666361  -2.425063416  -4.606143416  -1.020111837  1.023567757  -1.140426731  
-2.727817053  3.622659555  3.002991874  -1.000537476  -1.692801599  -0.964033784  0.516488614  0.8395142861  0.6732666947  -4.637578975  
0.002265583525  -4.406664989  -0.5401345422  0.9287975443  -0.5344680172  0.02472839386  2.686885847  0.8039294854  -0.7150568821  -1.566776526  
-2.379441225  -5.923633125  -3.37875028  -1.095685761  0.9344819812  2.332587279  2.92941554  0.8000542699  1.238229836  1.928990998  
-4.785235663  -3.17862626  -3.023594221  0.5948983443  -0.6211313689  -1.342315544  5.672989285  -3.200424068  -1.116922499  3.222187707  
-1.810896091  -2.115121186  -1.437681539  -2.004412209  0.9285678655  0.2732786945  -1.154974631  -0.7648808548  1.814592233  0.9394171844  
2.307782014  2.629508875  1.1525176  -0.9536405233  -0.3248640814  -1.659127797  -0.550432464  0.8691612464  1.859322665  -1.237563865  
2.404456959  3.566788376  1.23533728  1.296094373  -0.7116963347  1.673964983  0.7916293467  0.5570194301  1.408174208  -1.015940529  
1.038806145  3.109209777  -0.9551548018  0.6322933051  0.7898930353  -0.9336744802  -4.30374114  1.7767891  0.8837741837  -1.119798585  
0.1297324527  2.584334238  -1.683405998  1.711325105  0.1524837134  -1.077317651  -3.964128182  1.020745046  -0.3855907617  -1.673766957  
-0.7107147526  -0.8979018659  -2.193774207  4.85145915  -0.03880241053  -1.648227673  -4.365158377  0.0804814768  -1.080187018  -1.502172445  
2.159625806  2.457015745  2.624546871  1.680551523  -0.8329155518  -0.8387611619  -2.812300281  0.4411693402  1.10558995  -3.603526593  
3.234068017  2.054573527  -0.2106764581  1.812119886  2.088623783  1.601125298  -0.6798356878  0.3519036416  -0.8519253121  0.7523559124  
2.850942993  0.5831054231  -1.323852985  -2.995668144  1.103850744  0.7765345546  0.07039339877  -2.772517313  -2.35580523  4.572375131  
0.7506604703  -2.137475582  -0.1326936524  -3.971753374  0.3310028055  2.234725729  4.778482133  -2.289911075  -3.084736828  3.370180628  
-1.642021635  -1.801412557  -0.6338662773  0.1009244187  -2.892698485  -0.5302310209  -1.473718069  0.5905798537  -0.0714697578  3.678119026  
-1.235254662  -2.235966828  0.7418017249  -0.9017123361  1.411986234  0.2920115664  1.513164187  -1.470664485  -0.225744519  2.105550195  
-3.568350767  -2.635987012  -0.1570226817  -0.666175371  2.184835844  0.2965525229  0.5011288515  -1.133876267  3.062759324  -0.006737409659  
-0.8759914552  -5.690362174  0.5493119909  -2.342928637  -1.019715413  2.280464138  2.409023338  1.395348453  2.745951717  -1.389837725  
0.3731937825  -4.087518146  -2.453523542  -5.303230767  0.6673964378  1.599688725  1.117375325  2.699579725  2.866096798  -1.452130204  
2.253442696  1.056511557  2.489096274  -9.185891983  -0.07160501288  2.848777684  6.123082706  -0.5338758728  2.098105023  -1.973438378  
3.410564292  2.718407557  1.781153587  -2.306221459  -1.208396188  3.113214837  2.191767076  2.688843965  0.7183136617  -4.463794582  
3.671382105  3.027842156  -0.7267684189  1.915825073  -2.336679144  -1.940771759  -6.618861762  3.269502462  3.45330377  -2.36498319  
0.2091660948  2.678113611  1.344072071  -4.16913773  -0.5494286442  -0.4204503728  -2.521992412  1.243714625  1.743969592  -3.08815628  
1.704118226  1.200696587  3.905487765  -0.5718118263  -0.5621805411  0.4332352988  -2.356518445  -0.8602127185  2.31005141  -1.925028249  
0.5216159344  0.7134670701  1.960738348  1.234511241  -0.2046363977  0.3218485989  0.4519786102  1.379726924  2.083801876  -2.161644008  
1.285585663  -1.273085493  0.07635582245  -2.932581126  0.667503461  2.858208891  3.256084469  1.466221456  0.7137963009  0.4380154664  
-1.56391235  -3.065013541  -1.69446473  -2.558587924  -1.099017267  1.245727906  1.402833416  1.010504025  4.008427465  2.860696104  
-0.4045377714  -3.838955514  -4.391779984  1.725736654  0.7926921156  1.663455673  2.145869597  1.581383051  0.3104136864  -1.183645902  
-1.595443619  0.3463933588  0.2341046728  3.797950742  0.5204748824  -1.246410861  1.573004606  -1.783627751  -1.497814684  0.02706541958  
-3.095441089  1.603900446  -0.5367509755  3.584919696  0.2105333682  -2.94237135  -2.86382066  -1.46634927  -0.661987304  -0.5554894633  
-3.457512371  -1.635980516  -2.506455493  5.416644399  2.696761637  -1.301326776  -0.7850935797  -1.154749138  -4.638829134  0.9973305575  
-2.187940548  -2.343115546  0.3552807985  -0.0135955165  -0.581559723  -0.7409692375  0.06744513714  -4.727712  -4.196703599  2.293856189  
-4.316362409  -2.391805323  -1.046309509  4.345367198  2.315144949  -0.704577206  0.03002192709  0.2046406286  -4.971456447  -1.760701245  
-0.6809305108  -4.062636835  -4.934423218  8.855172943  1.168615186  -0.5421314206  1.391293786  2.498064306  -1.753102818  -1.787862981  
2.055426925  -0.08859055665  1.059078776  3.76459695  2.841731528  -0.8691468886  -2.11307489  -0.05077314075  -2.977762441  -1.46341271  
2.212062865  1.30460754  2.136523206  4.140456803  -0.4495466368  -1.142116525  -4.966442006  0.1796483232  -2.534820263  1.557122831  
-0.3451274512  2.165316384  -0.2535349919  3.335410808  1.800710773  -2.287197916  -1.822696758  -1.947068966  -1.42700724  4.131539901  
-3.794181875  -0.2460825566  -4.255968409  2.552096651  -0.4696067244  -2.974109752  2.116316338  -1.692346614  -1.349642887  4.389389889  
-2.482193709  1.062553348  3.199287757  -5.588421819  -0.404592375  0.6030937847  3.793955104  -2.86375541  -0.9324185821  3.70743643  
2.945499608  2.04493844  3.392504449  -2.363796541  0.955549283  0.7151101839  1.61760988  -1.466758511  -2.86085994  2.631321483  
-4.681270143  3.187059289  2.32414718  -1.848016593  -0.2704632199  -1.687473887  -0.986078736  -2.663056804  -1.021881238  6.719532257  
-0.3932600811  -0.4173235323  0.1569000751  -2.775691861  -0.3827074077  0.5359647114  1.286832392  -1.336378979  -0.6073106661  2.181399257  
-0.7124975158  0.6165693088  0.8194182833  0.2116390317  -0.5217878081  -0.9654930196  -1.303007843  -3.649275652  -0.3564133475  3.231607752  
0.3176482832  1.532752666  -2.69043592  0.4004482621  0.3299092899  -0.4244420514  0.8989882416  -1.042882225  -2.18349073  1.909365961  
4.540793823  0.4537660111  0.8740103037  -0.2041762461  -2.875540879  2.288449072  2.363116093  4.154043253  -0.7525139866  -1.92302774  
0.6774323183  -0.7224097421  -1.55117768  3.593796117  1.897742284  -1.598116722  -0.4804711  1.420498642  -0.8909987273  -2.671455728  
-0.4876055361  -1.410577721  2.835498763  0.03676766202  1.398953914  0.860797255  -1.717118831  0.9077873471  0.4981366494  -1.295576406  
1.538573592  -1.73460377  3.715697065  -3.762753925  -0.6555737025  1.738976842  1.563609658  0.8346002999  0.8753509059  -3.13376171  
4.312512562  4.156628948  3.784475623  -2.210624868  -1.114444933  0.1177951208  -1.532340568  -0.9790144524  1.20766251  -6.241944839  
1.91049257  3.150606738  -0.3176824321  -0.8621096273  -2.236978659  -0.4562343915  -0.6032615658  0.4924177878  2.548053801  -1.938342189  
1.555879202  2.067624059  -2.016623853  2.423024822  -1.043942288  -0.4278695893  -3.092909226  1.113526956  0.4370333542  -1.58473165  
1.258390302  -0.5503760633  -1.923035199  0.6125428227  -0.6448672236  0.504633745  -0.3252649332  2.660344805  2.910543083  -3.601433052  
1.783163953  -2.629770971  -2.143816134  0.01555586234  0.9262855152  0.6078821455  3.502633283  2.528150224  2.168238922  -6.879705504  
0.5202080949  -1.178524275  0.5656940656  -0.3369228192  0.8107843833  0.2263460739  -0.2665166451  0.8500247722  0.7651650853  -0.2315252841  
-2.861485568  -1.416506768  -4.416386403  4.30246526  -0.2448200974  -2.25657376  -2.919149451  -0.6201276145  -0.2998918554  3.565263484  
0.9306004403  0.3295307911  -0.6989231301  -1.312943335  -0.4527371215  1.192617448  -1.006175588  -0.4618047619  0.6183662329  1.579175434  
-0.3252665224  3.26380028  5.144664221  -2.339308924  -0.04774603565  -0.06481423174  -1.202332991  0.7559212138  0.4650194394  -1.940410338  
-4.43734329  1.226295612  4.542581485  -7.028290916  0.6011028183  0.5655793902  3.763693609  -2.077879341  2.280492056  1.529793888  
-2.801835753  -0.2837375014  1.163068755  -4.532714518  -2.506174862  2.097317416  0.4120840324  -0.705164402  3.431570176  0.6032804187  
0.3878855988  -1.527775266  -2.22120945  -3.490232299  -1.03599536  2.885410332  1.404362298  2.27661002  1.520910289  -3.347006562  
4.005436216  1.9083118  -0.9763618196  3.244149418  -0.8138869485  -0.1332605157  -2.386214284  2.741048088  -0.8470958572  -3.084470561  
4.339609848  3.107983502  2.822896537  3.34679832  2.05188288  -0.03125660482  -1.481159579  0.778856032  -1.965243783  -4.336134283  
1.0256346  0.6440166485  -3.782284624  4.523291315  1.982360124  -0.6867897544  -2.243452794  1.99271856  -0.9671541427  -2.677274986  
-0.869302323  -2.651416657  -3.645175952  5.175595129  1.40618265  -1.19044929  -2.665713405  0.8042328912  -1.7089395  0.9304184344  
0.4495679739  -1.869298435  -1.912867688  1.349846884  -1.735850075  -0.3797937402  0.6732305551  -0.7614594176  0.2361752959  4.608168263  
-0.004390933774  -1.507598282  -1.488795374  4.955833666  -0.6171032325  -3.359503273  -0.3094692908  -0.7149817814  -2.563076034  3.901543002  
-2.25520297  0.01468630496  -1.154166823  0.3870515952  -0.4648707324  -3.232074788  0.4416179936  -1.447983613  -0.5050130838  5.809040833  
-2.258365246  -0.05286614658  -1.267497646  -0.7095538814  1.028545858  -0.8898174185  0.5515105705  -2.503479598  2.318580313  -1.494546778  
-0.3317936833  0.06844635008  1.065692564  -4.442137705  -0.1451672999  1.79331402  -2.028323622  -0.06638263832  1.122331145  -2.55651747  
3.144317708  0.3472952766  1.400549364  1.491009252  -0.2127714584  0.003504939302  -0.727629672  0.08783108134  -2.983603834  1.112250297  
1.883295431  2.215629861  4.227362817  -2.042262395  -0.6299228897  2.253526458  2.221036948  0.6094798579  -3.112093594  0.549080248  
0.3525679605  1.552458464  2.599186896  -1.565152771  1.526080996  2.505782014  0.8991071393  -1.612690328  -0.9680998092  0.3671259758  
-2.449770136  -1.693529803  0.9092274252  -0.005498477392  0.1368445643  0.6110462883  3.360080511  -1.096982744  -0.6635336729  1.083952736  
-4.065578252  -1.018745282  -0.02234142067  1.980627933  1.531114446  -1.955148336  3.510973889  -1.41151568  -1.217515806  1.196379104  
-3.611736132  1.202267015  0.1100077912  -6.469858499  1.019488703  0.9840534547  0.7056605783  0.9345094153  3.768171294  1.869383425  
-0.2263822918  -2.955970316  -2.639617608  -0.9643470242  -1.312016177  0.3937126905  0.4541789894  -0.1991615653  2.062893344  0.7538812405  
4.615293225  -0.715161523  -0.9827449183  0.9574760817  -2.04145244  -0.3803779371  -3.357609206  1.512969343  1.723040711  -2.585943731  
