1.35906587  2.654140505  1.85338295  1.326122917  -1.011730231  0.8862746051  0.6853075361  1.066643264  0.7674785825  -1.791044346  
2.591619575  4.102112057  4.084107123  1.221129983  -0.05923221527  -0.4990460225  1.560540675  -2.207067849  -1.548067149  -2.580440876  
0.9115289808  -0.3313625948  -2.974069195  6.163879519  -1.052295033  -1.107202185  -0.609961347  1.654519714  -1.158808875  -2.598483854  
2.981784627  -1.018790207  -3.318031123  4.934578425  -0.7384731414  -0.3521644399  -2.353111052  2.055690064  0.3731662099  0.09617518226  
-0.9277224368  -1.050756806  -3.025517004  2.44661638  1.227475063  -1.931336224  -5.242518513  1.784055716  -0.1649887205  -0.8001572427  
0.4223820748  0.9732770061  0.4061206667  1.604109484  0.5846104336  -2.066089661  -0.5011489401  1.455037647  -2.284020531  -2.556177411  
-2.114663749  -2.613965776  -1.4511664  -3.14926643  0.4676788903  -0.4291639155  -1.359605218  -0.9339192213  -0.7663541204  1.997497512  
-3.442245778  -2.879217965  -2.58468133  -8.4319309  1.723290893  2.552843958  0.1899026926  -1.072543134  -0.5772108253  3.190079833  
-2.437510282  -3.693105672  0.2424448732  -9.85252975  0.6762348992  2.516936178  2.764835123  -1.696703902  0.6293529529  3.898018563  
-4.471122803  -4.986482118  2.849763341  -9.102486782  0.6290594125  -0.6565609074  7.613059319  -3.628955148  2.625166411  8.612098752  
-1.390392235  -2.752994525  1.386625173  -2.742359266  0.2642228716  -0.1016200098  2.419135865  -2.237021781  3.003093244  7.097992849  
0.5715157547  -2.176502084  2.110945862  -1.269714071  -0.4472487065  1.730148126  -1.50326435  -1.700757198  0.8556238999  1.489359701  
0.3416119681  2.475935559  2.207243724  1.148738073  -1.131417193  0.4105988225  2.454399937  1.418771281  -0.5641549745  -2.924907202  
-2.212354009  3.102061097  2.504879609  2.361125348  -0.6046521788  -3.509214142  3.909186748  -0.673358222  0.9727052771  -3.946175341  
0.4538653642  2.323749298  3.471382583  0.3152774626  -1.635696094  -1.224803326  3.457890835  -2.290236216  2.802532764  -0.5058406421  
0.356414817  1.634063824  1.173653774  1.737965599  0.3903480034  1.276596731  -0.6420045083  0.3417691113  0.4885060528  -0.6465535444  
0.7521867795  2.295004555  -2.737224161  3.878993959  0.6360406608  0.2238592147  -4.546259802  0.7044262714  -0.5711751911  0.2642827759  
-2.594262532  -0.115893274  -3.400545737  3.133558844  0.7608682143  -1.851960638  -4.470260791  1.138899686  -0.62772774  -2.345380138  
1.555591318  -0.3871346756  -1.051548757  3.60750511  0.3555135618  -1.26578384  -0.8124308375  0.03343416394  0.3362265558  -0.5232590942  
2.335452239  -0.06830221204  0.4822531291  2.688109329  0.798233405  -1.572270987  -1.30084846  -1.447025506  0.1873178409  -1.060679269  
0.3505099211  2.435513277  5.264460168  4.533266666  -1.512476714  -3.005504104  0.3291772796  -1.388737498  0.5892606656  -2.423326799  
-0.1381024908  4.021517385  1.539230762  1.219673199  0.6342535952  1.634259382  -2.182353745  0.05946716901  -2.538367731  -6.541787122  
0.3092412503  0.6857731286  1.529869347  -4.003819647  -0.9588330408  3.221938035  3.240754291  0.7770526902  -0.08988525147  1.598281711  
4.153492213  0.861192097  0.7822029513  -1.587051439  -0.58713723  2.851206714  0.6715428006  2.904215776  -0.8986758259  0.4719099601  
-1.222106742  -0.4069629526  -2.430638375  -4.244880422  -0.6150737143  1.962934205  -3.218146814  1.222339035  -1.966447869  2.628295768  
3.725090919  -0.2607388092  -2.55442882  -0.824041125  -0.1958889849  4.435284238  -3.135947238  1.928274183  -0.6070352978  1.553680361  
0.06585725837  1.091520881  -3.935992461  4.72876107  -1.768555569  -1.439235069  -2.538328207  1.692272019  1.751596634  0.4082162626  
-1.383719898  -0.1818904113  -3.90506101  0.7735557411  -2.165816236  0.1408003304  -1.673502908  3.177099414  0.4130245356  0.8068692125  
-0.9816446591  0.2926365807  -2.420400433  -0.2384838827  0.6933609283  0.2114077904  3.973352774  2.437778013  2.182610836  -3.04111289  
1.215874128  -1.0516672  -0.8745664985  -0.8543942941  -0.1536448451  2.955859743  1.354535325  1.821354135  0.4597343761  -2.361257853  
0.9364975886  -1.281949414  1.804876885  0.7422465251  -0.5926704362  -0.6260669251  1.92863711  -0.6605079698  0.8421713437  0.2723820914  
-1.126908788  -0.9016602658  0.4805690831  -4.01084872  0.001791727958  -1.16233781  -3.151114086  -0.7448964866  0.2167086549  1.835349099  
1.485251117  -1.436415019  2.428251882  -3.95393812  0.5917933932  -0.0169926406  -0.6801667113  -2.08806325  -0.9272239052  2.102222703  
2.505536321  2.157730961  3.565635409  2.174733861  -0.8461585962  -1.383745156  1.200422908  -2.637795061  -0.1421280881  1.655344059  
-0.3173802383  2.393201722  0.8491470335  1.870252122  2.16630719  -2.139869802  -0.6254867761  -1.691588015  -2.341807064  -2.645233002  
-1.210361104  -0.007690410466  -0.730987506  6.863019035  1.618413589  -2.091184112  -2.863260988  -2.454142435  -3.04193038  0.4536586109  
-3.261612136  0.04565744801  -0.8620758398  4.300616348  1.958031631  -2.659335884  0.7420612735  -2.019629389  -3.407108771  0.8022430119  
-3.352983695  -2.157123364  -1.907567329  -0.7870351122  3.071659792  -1.416803477  -0.6184244645  -1.939820285  -0.4739020689  0.4689054554  
-0.7915836021  -1.006635042  -1.721012928  1.152370012  0.5279340071  0.4697650335  -1.492802189  0.5006460543  0.8040397327  -1.238813177  
1.515767453  0.0203154663  2.005273089  1.096445828  0.937986268  2.573287362  0.6440039213  -0.3697717426  1.26292379  -0.7746179091  
1.976117761  2.169322597  -1.896537722  2.485626792  0.9507134248  -0.7040065106  -4.513468477  2.232099181  0.7992330537  -2.822557784  
-1.668652618  -2.852882513  -3.489270133  -2.366850839  0.87190051  2.789091531  -0.9641938421  0.5445683301  -3.164330405  -0.5208526462  
1.506241122  -2.231332228  -3.039333673  -0.6680462113  0.6274657274  3.255429229  2.293260663  2.013223231  -0.722273069  -1.197881781  
-0.7754792131  0.1181572283  -0.2940419492  -3.054080495  -0.9593039016  2.897440505  -2.015027559  0.01514492656  -2.515993664  -2.208067919  
1.829631492  -0.244746922  0.0134609756  -1.335416695  -1.3931106  0.9628197457  3.994855435  -0.261467  0.3244914813  1.334215445  
0.8675303604  -2.141488795  1.219671786  -4.087994366  0.3659623935  1.81693135  2.656341288  1.877906967  0.7197516634  -0.6770428211  
0.9639880633  -4.27546553  0.6394849711  -6.307861842  0.3759078904  1.323481358  2.659741164  3.646224096  0.24513933  -3.294450818  
0.3257418628  -2.96993094  -2.11977504  -3.185013972  -0.6215925758  2.998277086  1.833117523  2.049211637  3.784961341  2.942374293  
0.766751848  2.279799037  -0.7253594294  -1.876854541  -0.6713188515  1.459274395  5.798168583  2.175512278  3.348558973  -1.118227215  
-2.365364876  2.72299386  -1.123973817  -0.9463854391  -0.7727616231  -1.462015807  1.87107369  0.9261738298  2.388074243  -1.129639207  
1.327645927  0.2053353694  0.9202050786  -1.413965993  -3.288962036  1.017415533  -1.057539115  0.7821425618  0.3360948891  1.717114341  
3.30352246  0.3401140897  1.44598675  -0.864216572  0.6424811565  -2.192460175  0.1607948692  0.5877529598  1.863096898  0.8467709195  
2.114402066  -0.2219871175  4.169481019  1.101874511  -1.684163393  -2.694972748  -0.2536417873  -0.48139401  2.527947283  2.318800248  
-3.083806244  3.626003779  3.283221513  1.117061692  -0.2935769603  -5.432989873  0.5153466509  -3.051609063  -0.7095730113  3.394412804  
-0.7244688426  4.126113329  1.858248874  1.278980288  -3.099949704  -0.9526201874  -0.6372121867  -2.937094846  0.03080505434  3.757820757  
0.913765814  1.109999012  1.307880609  5.673079819  0.4583693779  -2.601713065  0.9067574247  -4.791872585  -0.2778516438  4.138356387  
-2.640890134  0.0399096547  -3.114446577  5.383022505  2.159840437  -4.34898803  -6.580508782  -2.60452697  -3.319339245  -1.596202419  
1.259217695  -0.3955546433  1.921055623  2.483847161  -2.098290653  1.614564346  2.304051785  1.36363537  -1.736586146  -4.253903365  
-2.188169822  -5.668567062  -0.4439610614  -4.19623677  1.947681643  2.987043775  5.261925809  -1.71654485  -2.749102982  -0.9713193247  
-2.369803168  -5.809633999  -4.87885884  -1.340662105  0.07975272315  1.568961148  -1.89971356  0.1628451209  -2.051596705  0.8304671461  
1.438216342  0.09708798583  -2.183791049  -2.211254596  1.728622132  -1.53991648  2.721695978  1.333663022  -1.335282619  -1.942631461  
0.797086281  1.746276081  -0.3689395712  1.383348414  0.8448367989  -2.860612224  -0.556989261  1.406691432  0.7728928183  -1.973527517  
-0.04641398988  0.2166889572  0.418504668  1.361457902  0.1273474532  -0.09365165109  -0.7758523153  -0.2122008969  0.7531138608  -0.2555842177  
-0.8766963501  0.001189503814  -0.5256389021  -2.813463535  0.8711169683  -0.1800409418  -2.648517656  1.009237027  0.3964942731  1.585364798  
0.3886636207  1.276772228  1.704944698  1.169729375  -0.08583477535  2.627056865  0.254477414  1.161313536  0.4235399209  -1.278193232  
3.800680539  1.87701661  2.924495313  5.903467984  -0.9064027907  -1.202782563  -1.726775185  -0.8202796552  1.826983893  -0.4863575592  
-2.08478295  3.132780368  0.9967699431  1.746305729  0.3990325081  -3.104269853  -8.065334408  0.6953823738  -0.8509121493  -2.157824301  
-0.5140221677  1.850058419  1.713036423  -1.300617502  -1.11218035  1.149455453  -2.751932254  0.6663908301  0.04323876359  -1.939819064  
0.3785740516  -2.469205518  -1.36016671  -2.683187116  0.5975354889  0.7969802038  5.996715686  -1.515632228  0.8278206629  2.658878777  
1.181701665  1.727890589  -0.4108198949  2.629033743  0.4645903402  -2.275368289  -1.319643197  0.7151459686  -1.063790203  -2.263942862  
-2.643176411  -0.8984397575  2.613152557  -6.832531122  0.1437487381  4.103830283  0.5067690567  -2.077728475  -0.02477813318  2.66743535  
0.1117977605  1.899282779  2.230712542  -0.5264940411  -1.677597222  1.539902767  0.1096629836  -0.7628053545  0.1067819456  3.449055775  
0.3792142094  3.508940822  2.528482845  -3.85905174  1.98855202  -1.43576065  2.574464933  -1.728856195  -0.9216011449  2.451646508  
-2.178990068  -5.7104908  -2.227627675  0.01163506352  -0.3254096723  0.9044920472  -0.4866804485  0.8385132136  -0.637491278  0.3025613628  
3.97710494  -1.899563993  -0.4467210638  3.875842529  -0.6418664969  -1.195938223  2.062452753  1.370323758  2.43084319  -3.720946507  
-2.273800051  1.773771543  -3.859386086  3.614828311  -0.5950358421  0.7535664937  -3.936906135  -0.07875352518  -0.5044546457  0.8444153106  
-0.3999052146  1.116771901  0.8459677504  2.120943552  -0.5145493014  -1.290819332  1.271741747  0.02954466313  -0.431828854  0.4593822685  
-0.2550023952  -0.9488426363  -1.51846151  -1.030004159  0.7813479211  -0.6704532204  -1.26979913  0.2752136152  -0.8539766012  0.9367416446  
-2.278175199  0.2898600489  1.177482969  3.111019726  -0.03320860606  0.01300858417  2.73632359  -2.277715668  -2.414584946  -0.4173259064  
-1.770722235  -0.8373489216  -2.188597511  -1.013143858  0.9024667476  -0.5217319769  -3.444827536  -0.07650747321  0.7106413512  1.385701606  
0.6399515122  2.675551207  0.1645805574  -1.947615888  -1.512623311  -1.606864566  -2.640794772  1.785452457  4.596239623  3.197173773  
2.124366737  -1.963355254  -3.137348558  0.5182300393  -0.1313893142  0.9155456613  -2.680455101  2.965974918  -0.1448357169  -2.98477714  
1.216632737  0.901576243  2.06506431  -0.03736741096  -2.192168907  -1.846524501  -3.189124937  0.3099120849  1.644692145  -1.372279037  
-3.205787516  1.216140138  0.1424833998  -1.066530884  -0.9331762647  1.076555283  0.820988563  -0.3448439534  3.050235298  1.260460169  
2.865965821  -0.6325768766  -0.2186513971  1.071568666  1.299165368  1.925065121  2.087891733  0.6685656628  -0.6191916586  -3.395482458  
0.9889781088  -3.882263805  0.09685836809  -1.508601576  0.8928984217  3.323801144  2.850666849  0.1261143573  -0.2219806977  -1.668131563  
1.390967037  -2.956906944  -2.281995714  2.532694982  0.5365352865  -0.7917743997  3.217836741  1.444530032  -0.1859266204  -0.6461008798  
0.7859988362  -1.303119438  -1.560287592  0.2684657476  0.9568716747  0.0355610409  2.792236773  2.018023995  -0.2319103422  -0.4597679622  
-1.263873406  -0.05020000619  1.125592396  -0.05376829796  0.2287942082  1.936881295  0.3043975206  0.01139226183  -0.08126075039  -0.9228288121  
1.908871059  -0.8187152337  1.719539473  0.01350742041  0.8752714598  1.294457375  1.295798515  -1.598752489  -1.8179769  -0.6612336702  
0.338844256  -1.592291008  -1.699110451  0.1256587138  0.8477202564  -0.2553369472  -0.5486019771  -0.01001860896  -1.092138652  -0.4619126296  
-2.434832787  -0.6355994496  -0.08995995402  -1.651043289  -0.7821963094  -1.505483139  -2.140693729  -0.8835331105  -1.526085478  0.5876644623  
-3.843698122  -0.2157413746  0.02121719286  -0.9928527817  0.4330230473  -1.519071518  1.371771533  1.071363833  2.170402501  0.829326018  
0.09710634016  0.1161251008  -0.6833671673  0.2374188294  0.170560077  -0.1659734922  1.677423028  0.2336844497  1.796131677  2.502254566  
-0.6671761871  -0.8859258129  -1.084066114  1.934213855  -1.327192653  -2.859136505  3.459388595  -0.8868925685  1.488530619  1.627087558  
0.2624192219  2.920972492  4.247909227  -8.308154437  0.7449955153  -0.6514548214  2.30122712  -1.097280191  0.5899345319  -0.1422013597  
-0.4826164828  1.265508936  0.8125320104  -2.518294444  -1.081355005  0.8386524694  -2.466487584  0.01570588475  -0.0479483564  1.57752959  
2.725364792  2.206273596  -0.6118686833  4.605598975  -0.6400295622  2.837293876  -5.551705924  -0.5708310481  0.478499764  1.267622778  
-1.101289659  3.439061808  1.699137007  2.165380567  -1.964338686  -0.9741019666  -4.233226251  -0.5810993312  -0.003425276153  3.109315228  
-0.5655428558  3.374057035  2.973874913  -0.6103731621  -2.378287012  3.047931754  3.371073392  -2.687439125  1.740776987  3.843736499  
0.3053427741  3.139769401  2.882879748  -0.2194414955  -2.20401283  0.3206640238  1.812135379  -0.3622782013  0.3712345426  -0.1072738769  
3.120804335  0.1632896116  0.6329500618  -0.9343795026  0.7565137996  1.873374398  3.89625532  0.01487125537  1.102096379  -3.319906417  
2.459442183  -1.453065956  1.861999609  -3.164622528  -0.4231310104  4.081131142  4.253247704  0.1845493365  -0.118716562  -1.094345469  
-1.083453425  -0.3479299399  0.05205932434  -3.170146465  0.6225262996  -1.333177624  -2.913535738  -0.519005913  -1.483627972  -0.2730392429  
-0.6039678239  1.427405212  3.023179303  -3.520449299  0.5907481728  0.5752358036  -0.1069516549  -2.340173248  -3.123004896  1.562218297  
-2.585461078  0.09736632644  -0.1519827303  1.321081729  3.48714512  -3.542035738  1.214330407  -1.739205705  -3.875598689  -3.889439044  
-0.2188716017  0.2098840693  0.3848238839  5.2343277  1.766864526  -2.021318876  1.454923249  -1.707292517  -2.739711533  -1.928684535  
-0.05635798265  1.681143021  0.4057255576  2.14944429  0.008064379759  -1.356966935  -2.359941361  0.5636676406  -1.760269116  0.1901144757  
-2.111169149  0.9453512075  -3.89725638  4.617209465  2.021171906  -3.828625426  -6.354550162  -0.08881102585  -1.238519199  1.249492878  
1.356007732  0.8247886687  0.6239059962  1.60433524  0.8629983403  0.1138850091  -2.470245725  0.6982101762  -2.624204846  -1.242263187  
0.9325247623  -2.955769627  -0.03914263593  3.489190328  0.8731109823  -1.31471758  -4.037346482  0.003852713054  0.3212623417  -0.3329001566  
-1.782593164  -5.378359098  -4.413798798  1.864128005  0.1746337275  -1.577035895  0.307715863  1.84544864  2.617339375  -1.813933595  
0.4415086926  -4.606385296  -4.988711671  -1.348440559  0.9025704513  0.8223872197  0.5205295748  1.574911953  -0.2472113264  -0.9885338236  
2.808451717  -1.120310002  -2.924317002  1.433792884  -1.859027114  0.6841389822  3.777975322  3.217332053  1.123070486  0.1227828947  
-0.5398370007  -2.561386217  -1.997765178  -0.3733850971  -0.3973944425  -1.255556606  -0.160037833  2.050015552  2.332066958  0.9048252518  
-2.920787079  -0.6370870345  0.4275080257  -3.042020768  -0.9136020604  0.07037418839  0.8538004226  -0.8919861025  1.879772714  2.041185248  
0.2530096538  2.961410335  0.8506176766  1.393084992  -0.9390210312  0.5291443526  -2.257041858  1.113769496  2.139174147  1.344480842  
1.528914879  3.267043955  0.3463541571  -2.17679028  -0.8237607273  2.643892746  0.9188858205  -1.335664831  1.529465251  0.597714801  
-0.2891305337  0.5953003748  0.8261498135  1.818648348  0.3213444506  -1.583947287  -0.1092567707  -0.7343887661  -0.6289396183  -1.314902795  
1.216238438  0.09415307458  3.539344847  -5.261344885  -0.06308672469  3.679511182  2.456523785  -0.3119279906  -2.399818198  -0.9878809561  
