-0.8930214987  1.177293771  -1.549799737  1.495971294  2.395834233  2.203858477  -1.553168138  1.328739939  -2.85399743  2.84981241  
5.940781332  0.1617191688  0.5646098704  -1.414095549  -0.7340468421  3.302805765  -0.4229957465  -0.3218658852  2.041739371  5.024375752  
2.165610231  1.221979799  -0.6507735812  0.365345479  0.1142761902  -1.632002341  -2.796977453  0.3045722137  3.941941074  0.3221087567  
-0.4675181889  -0.2617416385  -0.1873267823  1.746142135  3.192782582  -0.4139109083  -1.403203817  -0.7202817818  -3.001281632  1.843256542  
0.2911304483  0.282721376  1.770445108  -1.356350627  -3.262795974  1.852151183  3.176166123  -2.29483949  0.3880155205  5.896272645  
-0.1626371416  1.338631878  4.126821423  -1.06508171  0.2979354685  0.4070905039  2.197814408  -1.342447762  -0.4420357347  0.7838224201  
-4.033416796  1.426358305  2.03259287  0.8168454731  0.03285953655  -4.95437701  0.4999431133  -1.477493312  -1.176862327  -3.27340775  
1.316756188  -0.3763886634  -1.323045061  -0.3303817722  -0.661848248  1.796475274  0.945537753  0.5617482736  1.102049305  -0.4629880061  
-0.4645455197  -0.60568732  -2.499952709  -0.1983000902  0.5609509743  1.344280899  -1.345374393  1.225603695  -1.419753545  -1.819854105  
-2.186042078  -4.777383767  -1.452159697  -3.560116092  1.586468504  -2.525213199  -0.09233511422  1.099305131  -1.733780089  -3.740474739  
0.8784173147  -2.450840854  -0.9401402165  -0.150429779  -0.4534540469  0.7523859539  -0.1375095093  1.067041483  1.207146479  -1.870893244  
2.637916284  -1.916022616  -3.353301203  -1.780607907  -1.200655165  2.31427074  3.057376624  1.732736457  3.294698248  -1.031807692  
-3.180594498  0.2594539773  -2.491262369  -0.3383930188  1.082874005  -0.2306299365  -0.492415898  -0.9328722722  -2.363812829  -1.702709387  
2.663212784  1.344361867  1.126214948  3.753593192  -4.292995872  1.920434726  -0.1902479296  2.400676442  -1.164623691  -1.599975436  
-3.147156685  -0.4893880175  3.223973276  0.6713593012  -0.1319095794  -0.4967331951  2.007705333  -1.792579653  0.9231396139  -0.4372672581  
-2.118346058  1.912135353  6.942939965  0.7793077637  -0.6326011926  -5.327098371  -0.6203175088  -0.2226468449  1.483776502  -1.234969565  
-0.7633146638  0.2288165159  0.4032685577  0.4305575041  1.227320111  -0.3554939529  0.8557466418  -0.02530470573  -2.005053232  -3.429004838  
0.5781084295  2.421339624  -1.765994128  1.250060942  -2.132043456  -1.431484841  -3.946737488  0.8660326494  -0.3031278036  0.07691862498  
3.19323952  1.830520621  -0.1115396725  4.525840206  0.385651308  -2.639091974  -3.922117824  -0.397290181  2.636753855  2.981562749  
-0.49541589  1.490961469  3.757225284  -5.585667369  -0.01992107408  -2.493593714  -0.1901447635  -2.042539323  0.3805702061  -7.196323833  
1.578766303  0.8285943079  -0.9376873936  -0.06636711792  -0.7896060582  1.654687098  -0.451106478  1.379044133  0.2275050813  1.474855494  
3.058038126  0.503809065  1.17392342  1.54844838  0.8399420901  0.6325287411  -0.9073830041  0.6599253341  -0.4130469138  -1.145125981  
-3.942442767  3.045423178  -0.01025912692  -5.23957043  -1.382333087  -1.748920099  3.462176408  -1.991988157  -1.581683476  -3.436073677  
-0.7696577273  1.173553897  -1.357697475  2.054447902  0.5901144175  -1.498639308  -4.130091423  1.976922094  1.774518854  1.881164729  
-1.077806024  -0.7235237272  -1.656799601  2.465101928  -0.6621985584  -0.7009634479  -5.561834628  3.26573519  -1.33013242  -2.65579232  
2.089031563  -2.847990082  2.275131571  -1.711447549  -2.118860379  0.5078775283  4.837496621  -0.9515799416  3.58846449  -0.1109652407  
-0.6684454717  -3.604688486  -1.849616056  1.680771615  2.552006306  0.2421006662  -0.3480010308  -0.6604880199  1.38283574  4.039888548  
-3.604934669  0.336936586  3.952691892  1.007866428  2.110196234  -3.100266884  1.901738264  -2.995875968  1.107145232  2.441675665  
-6.268018898  -2.585493916  -3.425167718  5.107388177  0.3135058468  -2.903462697  -2.730953564  -3.14988406  -2.681121142  6.008362069  
0.7951186631  -0.2579705168  -2.444401579  3.579855073  1.107829443  0.5286134075  -2.73983129  -2.550346376  -1.103282305  3.708958143  
2.177785914  0.8460678423  1.089347246  -8.386856066  2.735270501  3.919209676  5.650556928  0.7445000264  0.5385875292  -1.225734139  
1.51111899  -3.484239227  0.8000754127  -5.622649405  -0.1537207374  5.223534468  1.287887524  3.630643368  0.149643102  -2.781185906  
3.993739634  0.7310731711  1.638767232  -5.616684337  0.01765041757  1.323632156  0.3787637645  0.6418215256  -1.190388703  -2.090974118  
-2.701918544  -0.6648710393  -2.723578056  -6.906096291  -0.3908089502  2.958583775  2.164669934  1.254270038  -0.1275073114  -1.448901361  
2.889653074  -0.784693087  0.1697925394  3.554629326  -0.373020719  -1.526380664  -1.087105087  1.25292095  1.436131221  -0.2425299336  
-1.84247966  -4.871517076  -5.892080033  3.61688243  -1.310939025  1.228408699  5.389848447  -0.6508437784  -1.227632199  5.125324604  
-0.2142847193  1.958436468  -1.380658125  4.845539644  1.060650899  -0.3699231601  5.163740265  -2.074425748  -4.032349931  0.9556753847  
0.3583417698  0.2314976586  -0.8860609887  -0.3329445307  1.135543106  3.349400005  2.470819814  3.410266117  -1.407781935  -5.826423273  
0.06850752999  0.3347835702  -0.1631810807  -0.2640720823  0.09708213241  2.41398966  -4.616090692  -1.024890193  -1.58227226  1.0883313  
-1.709841403  0.2821735407  0.4774854959  -0.3094692762  -2.470937908  1.387429215  -2.838281848  -0.9602238856  1.797376226  2.542563419  
-3.936169789  1.525124877  2.209965387  -0.6834629194  -1.186760696  -1.838235662  -3.16414771  -1.576984726  2.753617326  1.026026291  
-1.857615909  -0.7251051255  2.278509302  1.823412353  0.3529598987  0.5220456182  4.381467484  -1.381707899  1.104421554  1.547769309  
-0.4270179883  -1.879176517  1.681412072  1.318853045  -2.552929734  -0.7530348078  4.532030628  -0.6261773446  2.425327726  -0.3340788815  
1.531398789  0.5348958697  4.829323605  1.888638567  2.111732302  -8.899038997  2.210850373  -2.477768938  -1.087848131  -2.945179014  
1.016409518  1.861548018  -0.7862956349  1.013377241  -1.937141899  2.606753124  -2.757668462  1.37837904  0.4417467758  1.051319689  
-1.057670309  -0.01814020247  2.180490362  1.785327031  0.4700445537  -2.077523565  -1.121806206  0.1204363348  -0.4584639982  -2.173998433  
2.401502713  1.447257371  -2.052937416  3.087230119  1.752088228  -0.5055151552  -3.310905957  -2.140498978  -0.4737835133  2.784237257  
2.299190819  -1.79041315  1.477058788  1.067052661  1.690397515  -1.837217099  -4.950972019  -1.312562418  -0.5368812005  0.5913471289  
-0.4702453533  -5.803633749  -0.421260318  -3.758561004  1.321915496  3.920517828  2.827725214  0.5116464704  0.5568298865  -0.6899621683  
-1.279286546  4.309836858  -1.083562366  0.07596641901  -1.311775873  -1.014031837  0.400425308  0.1930399109  -0.8400542285  2.024180364  
2.077331182  0.1534943647  -0.51120411  -2.678899379  1.69813072  -0.1526494204  5.080701832  -0.2265203696  -1.71123746  -2.306914894  
0.7043460078  -5.572761539  -1.920715812  -3.852711333  1.463908028  3.696578893  5.283051781  0.2139013375  3.230064195  3.894425617  
2.603254474  3.290297422  -1.632006916  -1.887687707  -2.654371423  1.315218924  0.6104524849  1.385281372  1.437874417  0.4832346692  
-2.857663752  4.808690239  -2.861089985  2.254984794  -1.778071295  0.08289105254  3.229726503  0.1697761196  1.37499688  -1.030278062  
-0.9131731441  1.071060255  -6.801828376  3.345062835  -0.3287580834  0.3461925262  -2.40195456  2.792831965  0.2347098059  -1.936091274  
-2.017596409  1.617176601  0.9175150838  -1.073373101  0.2489122221  -0.8192564773  -1.957795019  2.502036295  -1.60368691  0.1015287473  
-2.582105657  -1.234720019  -1.509123715  -2.333621122  -1.765109621  -0.08973494928  -2.780740567  1.038426949  -0.2247192982  -0.3874360314  
2.004244513  -4.594936294  0.9977096284  -4.766331072  -0.6486892376  3.235459502  -3.678515276  1.294006141  1.902919797  0.2410909981  
2.496172141  1.93284437  -0.6955777133  4.432709827  -2.084110668  0.6673080161  2.917437268  2.353248673  -0.6610742976  -0.9343242893  
1.953526188  1.797136708  -4.587155469  8.331475626  1.713760328  -2.392962697  -3.40860278  -1.325728887  -3.977553412  -1.707930075  
-0.4882204864  3.58530714  3.12370804  7.439142282  -0.3433323159  -3.946205297  -2.083909027  -4.039472166  0.5698436689  3.03096214  
-3.866773519  0.8162381808  -3.76384544  4.862614633  -1.27260942  -3.070987685  -3.818419239  1.174223608  -4.286653513  1.057368147  
1.932907196  -0.7387064699  -1.129235259  -0.9339082347  2.698058863  5.337085265  1.339523498  3.404925377  -2.162775459  -6.528659155  
-2.864796299  0.6878929207  -1.24596976  -5.52369863  -0.248013779  2.500984987  1.333429197  3.2754739  -1.385047479  -4.390706346  
2.185029094  -0.1163762965  5.614712633  -1.951106667  1.942868955  0.4033080929  0.5581724228  -1.932598283  3.080402446  -0.0937615182  
4.082017184  2.041159699  2.36782543  0.2324332705  1.218807611  -2.5596979  0.2974242653  -0.8221746023  -1.967863594  0.3828344531  
-0.6981390438  2.416140834  -5.507092668  0.1508752781  1.726056017  -0.6972746087  -8.578770649  0.8049143807  1.175319186  0.6834012978  
-1.776427546  -4.659255969  -8.454564269  -0.41017976  0.09396183742  -3.653624789  -8.129746326  1.145922544  2.014870339  -0.1921105534  
-0.1401944362  -4.406592987  1.123341539  0.6363051532  0.02693197015  0.3465844431  0.9362556169  -1.627371062  0.2143144317  -1.240321514  
2.311579641  -0.3872926811  3.617560586  5.168132865  -1.272007611  0.2053648775  0.8539172278  -0.655698973  0.4689369233  -2.48017161  
-2.013346089  -3.870195084  -5.852521059  3.167267397  -1.026665568  0.2137732957  -4.684288494  2.017905479  -2.526183123  -3.240355779  
4.407009822  4.156118551  -2.933126189  7.993397963  -0.7486987393  -2.730922066  -2.68812594  2.260943326  1.412878971  3.282278169  
-1.027899725  6.648134177  2.72406261  -0.8023321738  2.111065307  -2.862908981  4.748889552  -3.568770925  -1.749231519  1.255384913  
-5.483359048  1.665855549  -1.059321923  -8.045938003  -0.7313830002  1.314788536  7.3359285  -1.040631703  -1.146661014  -1.02279381  
0.3966992152  2.463946017  0.7381085946  -2.239770903  0.6875186775  1.437978914  2.84932752  -0.2207757385  -3.636167313  0.7705813432  
3.316441403  -1.462949302  4.826433831  -5.243379476  1.356521148  2.334486498  0.2746022649  0.02488342913  1.589427258  -0.1006255601  
4.025008339  -0.846914534  5.401232546  -3.892691058  0.09549151878  0.6639062247  1.358104913  0.5258868009  2.992194569  -0.4166267054  
1.195354432  0.07902013185  2.740835506  -5.169282935  -2.358760825  -0.3056690327  2.796678722  0.1245429812  2.797879006  1.237822866  
-2.025618672  -1.409884644  -0.4397607174  -6.852356076  0.7942715708  0.6770192764  0.04400349299  0.6408192511  3.802424839  1.737436315  
0.3286472368  -0.1777640169  2.054952668  -2.888931619  -1.499744187  2.603400477  1.525037822  1.192794753  0.7331920479  -0.9269936435  
-0.3842103442  3.493838955  2.932163841  -1.661879518  -0.734721956  1.522056718  5.644714591  2.281536936  2.840723078  -1.767316627  
-1.921742167  -5.384641743  -3.149167573  4.095979018  -0.5067142911  1.646844336  -6.869030848  2.512672032  0.5653422636  0.2756227567  
1.294113499  -2.499839552  1.173536291  5.358516155  0.8371988236  -0.5918462747  -2.081629161  0.2078457406  -0.8958562594  1.435089286  
2.701908506  0.186449772  7.68923239  -4.793399366  -1.183209282  1.981515245  1.281240908  -3.925118176  -0.4810794601  1.150418476  
0.3901648035  4.21478052  10.1418591  -6.825743502  -0.981402105  -0.7369402483  4.844843694  -3.810616308  3.386494697  2.643813957  
-0.7472575107  1.069629002  4.694777488  -5.563746622  -0.9908760827  2.879815606  3.408823542  -0.1418028766  -0.1794305962  2.069452808  
0.1460335553  1.475378418  -0.5884315954  3.624231967  0.9620649903  0.4351172002  -2.316650071  1.015467177  -2.002556196  -0.8918385153  
-1.115123303  -2.668514795  -2.381928963  -1.092491373  2.809411252  1.101688638  -2.147803558  -1.271417087  -0.17069648  -2.348503391  
1.704893992  2.071260631  -0.4345387425  1.460637497  -2.198164662  1.011347478  3.394485774  -0.5653614666  0.426669048  5.902168097  
1.96928136  0.5155403733  -0.66327246  0.9891806623  -0.5133908027  1.204057526  2.856119805  0.8558390467  -0.9729761897  0.2892609882  
0.1101801405  2.849077973  -1.432602712  0.7484283161  0.01651844775  -1.761299848  -3.01978989  0.5227136975  -2.092258504  -2.516440376  
-3.943426197  -2.191140682  -5.851273607  3.276092003  2.935798697  0.8868993041  -0.2061227124  1.982342077  -0.09370063761  -2.005119953  
-1.068227202  -3.649189935  -2.08347857  -0.02216652439  -0.8913865363  3.337343957  5.73181862  -0.7230095442  -3.268761897  -0.5750977522  
0.169570549  -7.939998939  -4.715219594  -0.2759547679  -0.596447369  1.405566938  2.66683325  1.669162994  -2.770159583  -2.987025347  
2.473172034  -2.800169229  -1.676345776  2.356937982  0.837437925  1.646894829  -1.913922995  -0.5551669738  -2.795283691  1.610997311  
4.537425639  1.776566253  3.534561993  2.544178029  2.642548174  -3.136920121  1.206302635  -1.619262646  0.8357143465  3.412891112  
-2.386902824  3.061832662  -4.047772633  4.387828975  1.781140967  -3.896427988  -5.324005199  1.553151203  1.630118042  0.184908555  
-3.368797149  1.155071024  -6.489307959  6.66173763  -2.460534563  -3.398985688  -1.550311289  0.7133464705  2.289426933  2.088441682  
-3.30217157  5.209275139  3.652350837  3.156113618  -0.08543231405  -5.568557747  -6.882564841  -1.477701726  -1.540440197  1.132932358  
-3.242098903  4.361850694  7.683754633  2.800734195  0.9609402452  -7.327528451  -6.949449029  -4.354477245  -0.8034928226  0.6836669182  
-2.663998691  3.23039375  9.729553904  1.725128917  -2.356326785  0.64764386  -2.623696294  -5.023724786  -1.754857512  -0.7215372913  
2.626164814  2.326039558  4.556173938  0.6954861334  0.8815850671  -1.160397601  -0.6080127285  -1.906678541  1.83135269  1.409670502  
-3.908347214  0.1582598436  1.635332335  -6.356563435  0.6014595086  -1.682583749  -0.8389649593  -0.1206442034  2.833210318  1.608714555  
-1.739038091  -4.642851497  1.884841838  -4.005546792  -1.103330112  2.776426137  7.524086586  -1.665663216  0.6553949219  -0.8271674611  
2.076334524  -5.594855249  1.707468058  -2.144283306  1.065212104  0.5069895843  9.049924687  -1.655435233  3.454661645  2.607444025  
-1.158194315  -6.195526315  -4.756954386  -4.73131554  -1.327035191  2.560643991  1.074213948  -0.5126385361  0.4245514168  0.7540535988  
3.782569811  -2.866132786  -0.2586768592  3.061071501  -1.091678101  0.4251318938  4.130523477  -1.146126788  -0.7641584821  4.491996714  
0.664571062  2.023199561  -4.080159015  7.400929414  0.2515101921  -3.830661032  -3.071638101  -0.08756771799  -0.1107371554  0.4152876975  
-1.535855298  -4.929736619  -0.8603116494  5.003818434  0.1626388303  -2.241558531  -3.910347146  -0.4751316001  -1.828098463  1.72928681  
-1.552069853  -6.689118733  -3.006080429  1.054309738  -1.667166968  1.010541577  -3.669115404  -0.2524958104  -3.04325715  -2.224390092  
7.295901693  -1.818896739  2.301006292  -1.556711033  -0.1959947121  1.538930478  5.048526019  0.7045518486  -0.7714701108  -2.269324203  
3.478849872  2.534828639  -2.853477938  -4.800835275  1.164192034  -0.5301930561  -6.239906835  2.337466594  1.125273308  -1.31633393  
0.4286494792  5.430462147  -3.659251208  -7.950153763  1.371848798  0.3764658342  -5.096759297  2.845904464  -0.3662214482  -0.02444534869  
0.09006347216  2.869252129  -3.401034751  -1.380107633  -1.584138587  0.9580622329  -0.1936216871  2.984020452  3.410830889  2.751846986  
1.028751997  -1.007903234  -2.395581257  -2.89480368  0.7873374382  -0.7529431047  -3.115131825  2.316146999  1.823549856  0.853174403  
0.4871299489  6.464537749  1.398469478  -6.101110479  0.4865552142  -0.5803384136  -6.133321162  1.866665204  0.3185608815  -1.74528486  
2.069415511  6.650818534  1.436548674  -0.7533649278  -0.1693349333  2.454297451  -0.4730190527  3.098031427  0.5072883207  -2.135672735  
-1.776084747  3.267619751  -0.4445159113  -0.6340036472  2.145703427  0.1450575  0.01775717189  1.249753164  -1.399260137  -7.046246436  
-7.934011458  -7.946739818  0.2818569558  2.527645324  -0.9799024546  1.952325069  10.14722015  -3.371072491  -0.2370433468  0.04315456294  
1.26422548  -1.45126796  0.6665090315  10.46878672  -1.172430964  1.64480054  6.074820505  -1.848105298  -2.156183035  -0.5280072259  
