-0.0002996501624  -1.250180884  1.114564195  0.8042661453  1.421814406  1.01039473  0.8608485543  -0.2659084471  -2.026974699  -0.006218585211  
-1.97572317  -0.5941143539  2.999380089  -3.854303749  1.235873431  1.156956453  2.984285625  0.9282131926  -0.4185691843  4.244786305  
-1.728550128  -1.766362301  -0.2966125507  2.561689367  1.306674241  -0.7047877994  -1.654744128  0.3943854553  -1.637149175  0.9359684808  
-0.9761185719  0.8417467084  0.2110511887  -0.8958775375  0.1337747175  -0.09006401889  1.376248046  -1.473984483  -0.4951077371  0.01151829658  
0.4567825999  0.2100345666  0.3956924822  -2.38355654  -0.1506367149  0.8065716192  1.549049974  -0.02906790646  0.5850709812  -0.8205220066  
2.888313555  -1.03657705  -0.04529633962  4.116098991  0.586364878  -0.5752016377  -2.118750975  1.480696717  -3.447384509  -5.895221371  
-0.2106960711  -0.7762409274  -4.192714539  0.522173703  -1.708686581  0.2736930575  -0.3503654507  -0.05191998008  0.01422950969  -0.6186517841  
2.109663855  2.272241523  -4.14538954  3.750660961  -1.915092695  -0.4247164085  0.1347436163  -0.0147193729  2.168844709  1.664703332  
-3.461699916  1.33393984  -3.424992496  5.25177366  -0.3014107182  -7.743687696  -9.185963829  -0.6150866485  3.160465734  3.217819887  
1.127984176  2.017826243  -0.6465120573  0.09493879292  -0.3331463044  -1.155206737  -5.773069129  2.262389712  2.987850106  -4.479099476  
-0.6078667801  2.64283212  0.0346376229  1.820686271  -1.20829871  -1.861414867  -3.435366865  -0.4072524133  -1.634617514  -1.082029282  
-1.280968431  0.78894272  -0.4583540565  1.293144997  -0.4905575183  -1.710169952  -4.252574599  -0.4132972692  0.3594773462  -0.6849483395  
0.5224597301  -0.3008477431  -0.1576884075  0.8295728662  -1.205755775  -0.062937751  -2.059458728  0.4425195929  0.9392158065  0.6686183287  
0.7476591614  3.115608749  3.489119248  1.127230639  0.7489002955  0.1176549418  1.364621439  -1.91797735  -1.210992371  0.7838258778  
0.9260740261  -0.7721623867  -0.5639444315  -1.188889578  1.304204645  2.565032154  3.785634288  0.885492281  -0.5566730227  -2.413814737  
3.171690405  -0.7336880445  1.382267994  -2.873722727  -0.1661074815  4.238160756  6.140505674  1.695927137  0.8909169552  0.09310131723  
4.085695589  0.09007593024  3.271392992  -1.403717124  -0.1020191818  2.635350028  3.917791267  -1.177210971  0.1769150274  -1.124519485  
-2.370074098  -0.9254885846  0.455692738  -0.1386526811  0.04076149336  -0.4157301353  1.466366549  -0.2431829057  -0.053422202  -3.079206653  
-0.8032921147  -1.152800922  2.061328778  -5.291636522  0.06110412106  1.820020572  4.604315494  -0.02870988978  -0.3211047598  -3.712489964  
-2.881549315  -2.021731253  1.263450205  -1.730441827  -0.6889132072  0.2103107417  7.188411185  -0.5989059949  2.769246402  2.645190217  
-0.5114471538  0.02608711531  4.209635843  -4.638732504  -0.9647090159  1.67504508  7.850856602  -4.000370874  2.779267079  5.91775739  
-2.169679041  -0.2217552918  -1.022243382  -1.980143458  2.688410094  2.164913751  -0.5313213273  -3.54538673  -1.490557337  6.080984065  
-0.8132963666  -2.063215537  0.7413787711  0.6076267386  0.8358386117  2.711990863  1.564612172  -1.804568796  -1.431390511  2.048356404  
3.630503138  -1.102819213  -2.579030427  1.950732976  1.011446065  -0.2441598463  -6.45237439  2.362812707  1.394768871  -0.8072516962  
1.770809247  5.18784085  1.418431078  2.392762881  1.279228504  -2.657501693  -6.005688358  -0.5691260121  -2.249073272  -1.290061935  
-2.973954116  2.526895936  1.32015445  3.383677809  -0.8838982558  -0.6081147164  -1.463636656  0.8040335592  0.5645172198  -1.188513946  
0.851307131  0.9872248689  3.400425794  0.05256382576  -0.5129315046  -1.261277246  3.278292739  -1.251246934  -0.4317044163  0.2608607564  
1.121994686  1.179356814  4.19146564  -1.659350685  -0.7234560838  -0.03859289327  -0.292378732  0.8781206147  -0.4720320689  -1.308621234  
0.2838063534  -3.923224215  -4.016861765  0.5225579174  1.970571247  0.4199872504  -3.861872204  0.4138024612  -2.802189722  0.2322354977  
0.08538083722  -5.515684323  -5.44674302  0.5988759406  1.791979684  1.300918198  -0.4153686014  1.596681086  -4.24946839  -2.902848021  
-0.6383759828  -6.516698871  -6.651474568  -0.2070095313  2.700435009  1.955590717  0.4973105718  1.713486915  -2.655403045  -1.117294305  
2.900580451  -5.036463879  -4.339234649  -3.143577199  -1.523943146  0.5976151077  2.384366341  5.066471453  3.460500251  -0.08121869959  
1.654705333  -2.364152407  -3.095998766  -0.5386767672  -2.493108869  0.06395991393  0.6919862786  3.133414649  3.216002474  0.5409884936  
0.6721970046  3.82166798  2.13712144  1.751687614  -1.03484294  -1.042644014  -2.058660844  -0.5022763393  1.762211724  0.1646077763  
3.224816741  4.31205978  4.755546904  -4.126048774  -2.102541009  0.5399074535  2.495277335  0.8830705935  2.905446  -0.4874417615  
3.002633132  5.323161001  7.575964421  -6.71059521  -1.756076687  -0.07902043581  3.511722141  0.01697710365  -1.78513839  -2.543947371  
1.203704069  -0.03413224715  1.100902415  -2.77931098  0.6566273897  -1.442071593  -1.063405062  -1.425993911  -0.9627635466  -0.04118739857  
2.145684302  0.4946087018  1.691240678  -2.69036197  0.343985919  0.1063070039  -1.250886478  -0.5725235884  -0.6896303081  3.770480132  
0.2195649149  2.70431552  0.5898175057  -0.2311470574  -0.9052198978  -0.1397757618  -0.6158627123  -2.041998588  -0.3237906524  3.642850684  
-4.701869175  0.3026959942  -4.408142148  3.941960339  1.100771696  -2.705921989  -0.7070259574  -1.457470843  -2.338062749  2.403640162  
-3.552975868  -1.959493049  -3.886792073  6.024417405  -2.658382963  -1.289453987  -2.769294296  0.682211856  -0.3137060472  2.043825154  
-1.494722735  0.8689395247  -0.7501480104  2.661526713  0.9120748712  -0.8605908203  -0.6433211373  -1.240883034  -0.7550190157  0.9085518226  
-6.452273696  2.818323242  -0.5571399299  1.323545878  -0.8159172332  -2.439057161  -4.885093253  -0.7786976219  0.7090621174  -1.476467934  
-3.848481944  2.059888882  0.46810615  -1.841973654  -1.650263798  -0.9906681985  -0.01443815791  1.298999306  0.07466633103  -5.277168051  
-0.1051295201  -4.556427819  -0.7830566844  0.8481613876  -0.530391582  0.0221759902  2.636006302  0.8479626876  -0.7724216846  -1.628069344  
-2.184492455  -5.65177649  -2.937786319  -0.9493110972  0.9270821461  2.33722057  3.021774564  0.7201231498  1.342361257  2.040252746  
-4.565119771  -2.871674045  -2.525703576  0.7601694095  -0.6294864821  -1.337084115  5.777271479  -3.290673978  -0.9993481239  3.347812889  
-2.859812021  -3.577837724  -3.810274814  -2.791976661  0.9683822363  0.2483495189  -1.651909572  -0.3348136924  1.254316409  0.3407768883  
1.952892814  2.134614753  0.3497766714  -1.220104306  -0.3113933514  -1.667562296  -0.7185649493  1.01466975  1.669759497  -1.440107245  
2.644579419  3.901639855  1.778481787  1.476387103  -0.720810815  1.679671906  0.9053899176  0.4585665927  1.536435056  -0.8788971222  
1.594927363  3.884722486  0.3027624286  1.049849473  0.7687839474  -0.9204573348  -4.04027287  1.548773273  1.180824983  -0.8024074658  
0.4869904868  3.082531668  -0.8753068614  1.979567522  0.1389230021  -1.068826815  -3.794873426  0.8742653356  -0.1947622395  -1.469871578  
0.7970855336  1.20473025  1.216791633  5.983570746  -0.09603501661  -1.612392332  -3.650822142  -0.5377332845  -0.2747991797  -0.6416362727  
3.610671699  4.480503679  5.9067372  2.77004986  -0.8879938716  -0.8042746834  -2.124852039  -0.1537754892  1.880662571  -2.77538146  
3.26934707  2.103770256  -0.1308770954  1.838608699  2.08728465  1.60196378  -0.6631218491  0.3374388667  -0.8330810686  0.7724904908  
3.36007638  1.293093451  -0.1722197559  -2.613392168  1.084525197  0.7886349583  0.3116007262  -2.981267583  -2.083852869  4.862949237  
0.3948775286  -2.633616041  -0.9374562182  -4.238888223  0.3445074669  2.226269996  4.609926217  -2.144036098  -3.27477741  3.167127181  
-2.239566738  -2.634691086  -1.985482254  -0.3477342999  -2.870017086  -0.5444326256  -1.756811344  0.8355799748  -0.3906469915  3.337086379  
-0.7690911655  -1.585900417  1.796239307  -0.5516997261  1.394291727  0.3030907145  1.734014047  -1.661796642  0.02325557888  2.371600397  
-3.301514004  -2.263882385  0.4465481155  -0.4658245851  2.174707328  0.3028943411  0.6275455527  -1.243282261  3.205289554  0.1455524652  
-1.632860126  -6.745817923  -1.162685611  -2.911213315  -0.9909864901  2.262475939  2.050448856  1.705672982  2.341672198  -1.821799963  
1.383859329  -2.678141965  -0.1674506878  -4.544386096  0.6290339009  1.623708843  1.596188713  2.285195717  3.405941329  -0.8753202198  
2.051226761  0.774520765  2.031694314  -9.337723101  -0.0639293934  2.843971708  6.027280779  -0.4509650784  1.990091901  -2.088847613  
3.641556542  3.040526927  2.303646038  -2.132784017  -1.217164151  3.118704769  2.301202092  2.594134608  0.8416976207  -4.331961995  
3.073237779  2.193728034  -2.079739767  1.466716457  -2.313975027  -1.954987614  -6.902238894  3.514748274  3.133806474  -2.706357832  
-0.2422623057  2.048595293  0.3229645277  -4.508086681  -0.5322935012  -0.4311792966  -2.735861348  1.428805284  1.50284025  -3.345796785  
2.45491497  2.247684946  5.603750957  -0.00808616471  -0.590679079  0.4510792053  -2.000820609  -1.168047648  2.711087651  -1.496531335  
1.608079658  2.22854403  4.418262755  2.050267932  -0.2458760569  0.3476702039  0.9667022407  0.9342648094  2.664133815  -1.541574279  
1.289395068  -1.267773285  0.08497248571  -2.929720866  0.6673588373  2.858299454  3.257889221  1.464659585  0.7158311032  0.4401896108  
-1.23040864  -2.599941611  -0.9400966871  -2.308181123  -1.111676293  1.253654178  1.560834307  0.8737638462  4.186567685  3.051034333  
0.2833356074  -2.879714  -2.835846217  2.242217131  0.7665820419  1.679804112  2.471756847  1.299347387  0.6778395682  -0.7910607997  
-0.9112549098  1.300496598  1.781703926  4.311664661  0.4945046661  -1.230149988  1.897146224  -2.064152667  -1.132356958  0.4175476007  
-2.858367469  1.934500304  -0.0005028010948  3.762923247  0.2015345867  -2.936736884  -2.751504545  -1.563552028  -0.5353549881  -0.4201860934  
-3.235704954  -1.326669439  -2.004738669  5.583185538  2.688342323  -1.296055138  -0.6800099924  -1.245692599  -4.52035121  1.12392115  
-1.790062073  -1.78827284  1.255261175  0.2851461959  -0.5966623068  -0.7315129924  0.2559442358  -4.890846542  -3.984177783  2.520934584  
-5.446017846  -3.967113342  -3.601531393  3.497180583  2.358024006  -0.7314252815  -0.5051642063  0.6678118605  -5.574859092  -2.405421446  
-0.417038479  -3.694638582  -4.337513152  9.053312748  1.158598434  -0.5358595826  1.516315407  2.389865677  -1.612145503  -1.637253728  
2.93784586  1.141945332  3.055064508  4.427149358  2.808236938  -0.8481747433  -1.695019648  -0.4125746297  -2.506420517  -0.9597959947  
1.443916904  0.233425611  0.3990169914  3.563704726  -0.4203896316  -1.160372749  -5.330359218  0.4945966795  -2.945123501  1.118724383  
-1.329583223  0.792489756  -2.480322732  2.596245419  1.838078397  -2.310595093  -2.289093031  -1.543431198  -1.952851854  3.56968847  
-3.868899814  -0.3502769495  -4.424976488  2.495995708  -0.4667706202  -2.975885539  2.080917933  -1.661711407  -1.389553256  4.346746668  
-3.483154573  -0.3332896716  0.9351663938  -6.339979809  -0.3665982565  0.5793043295  3.319739392  -2.453350371  -1.467079322  3.136165182  
2.685335009  1.682138061  2.804025619  -2.559137636  0.9654244886  0.7089269698  1.494354158  -1.360088114  -2.999826188  2.482839607  
-4.921015571  2.852733512  1.781855458  -2.028026226  -0.2613630735  -1.693171816  -1.099660636  -2.56475851  -1.149940652  6.582704074  
-0.5436685961  -0.6270686676  -0.1833161501  -2.888624055  -0.3769982767  0.5323900271  1.215574785  -1.274709803  -0.6876509795  2.095557698  
0.01635116005  1.632951005  2.468036047  0.7588852689  -0.5494531972  -0.9481707222  -0.957708127  -3.948111627  0.03289938366  3.647578392  
-0.08863169313  0.9661939716  -3.609420089  0.09539841507  0.3453306883  -0.4340979214  0.7065088206  -0.8763029262  -2.400504156  1.6774927  
4.603566021  0.5413019907  1.015997706  -0.1570445927  -2.877923607  2.289940964  2.39285507  4.128305985  -0.7189843536  -1.887202182  
0.3867114762  -1.127820876  -2.208773108  3.375512293  1.908777347  -1.605026151  -0.618203133  1.539697423  -1.046286532  -2.837376738  
-1.167971652  -2.359350386  1.296545973  -0.4740760851  1.424778993  0.844627254  -2.039449418  1.186744994  0.1347207825  -1.683876895  
2.758406582  -0.03354291277  6.474895836  -2.846858695  -0.7018757344  1.767968179  2.141518353  0.3344553108  1.526921724  -2.437575073  
3.673283546  3.2652221  2.338572825  -2.690581411  -1.090181325  0.1026028121  -1.835182046  -0.7169234631  0.8662199183  -6.606767443  
1.593354919  2.7083573  -1.03503129  -1.100228173  -2.224940877  -0.4637716665  -0.7535088432  0.6224477538  2.378655537  -2.119339893  
1.792605356  2.39773937  -1.481161639  2.600767476  -1.052927903  -0.4222433844  -2.98075774  1.016466639  0.5634800581  -1.449626602  
1.515971077  -0.1911789192  -1.340400926  0.8059438879  -0.6546444187  0.5107555929  -0.2032333475  2.554733863  3.048129235  -3.45442577  
1.256895522  -3.363653943  -3.334207962  -0.37958572  0.9462614075  0.5953745414  3.253308076  2.743926129  1.887133964  -7.18005892  
-0.2349649723  -2.231615458  -1.142468147  -0.9039343613  0.8394489558  0.2083981756  -0.624287832  1.159654098  0.3617912602  -0.6625198118  
-3.350519993  -2.098466807  -5.522556849  3.935280329  -0.2262575205  -2.268196426  -3.150834651  -0.4196180625  -0.5611083761  3.286160361  
0.7208145914  0.03698372837  -1.173447856  -1.470458232  -0.4447741813  1.187631561  -1.105563844  -0.3757902242  0.5063096438  1.459445874  
-0.2039943292  3.432914702  5.418975587  -2.248253325  -0.05234927255  -0.06193197308  -1.144879009  0.7061983057  0.5297966967  -1.871197499  
-4.481036877  1.165364723  4.443748837  -7.061097658  0.602761303  0.5645409549  3.7429933  -2.059964454  2.257153257  1.504856961  
-2.440302466  0.2204217514  1.980838238  -4.261262102  -2.519897862  2.105909862  0.5833642268  -0.8533970296  3.624682307  0.8096157743  
0.5475569567  -1.305113099  -1.86004117  -3.370345199  -1.042056129  2.8892052  1.480008298  2.211143029  1.606198369  -3.255878438  
4.268362595  2.274963444  -0.3816360241  3.441564179  -0.8238670347  -0.1270116204  -2.261650141  2.633245381  -0.7066543557  -2.934412424  
4.164476154  2.863758961  2.4267532  3.215301527  2.05853052  -0.03541891843  -1.564131046  0.8506627998  -2.058791003  -4.436087078  
1.210922187  0.9024007262  -3.363173782  4.662412018  1.975327019  -0.6823860911  -2.155670862  1.91674863  -0.8681832142  -2.571527087  
-0.9033805032  -2.698938827  -3.722259076  5.150008006  1.407476139  -1.191259197  -2.681858324  0.818205349  -1.727142258  0.9109692504  
0.193495599  -2.226392187  -2.492090102  1.157578375  -1.72613019  -0.3858796903  0.5519136001  -0.656466896  0.09939489197  4.462021912  
0.6753802666  -0.5596552645  0.04881175132  5.466230753  -0.6429058033  -3.343347388  0.01257946598  -0.9936954581  -2.199977894  4.289504027  
-1.688646366  0.8047511951  0.1273547088  0.8124429943  -0.4863759254  -3.21860963  0.7100301367  -1.680278033  -0.2023882582  6.132387659  
-2.52887677  -0.4300953163  -1.879380635  -0.9126638041  1.038813822  -0.8962465476  0.4233528975  -2.392566868  2.174087277  -1.648933853  
-0.7772485938  -0.5527419135  0.05809671805  -4.776601546  -0.1282589187  1.782727073  -2.239362558  0.1162588319  0.8843925306  -2.810748753  
3.339175963  0.6190256861  1.841308574  1.637315955  -0.2201678377  0.008136076948  -0.6353135355  0.007937078993  -2.879520769  1.223460386  
2.29270264  2.786549446  5.153420601  -1.734864486  -0.6454630477  2.263256705  2.414997904  0.4416184001  -2.893409717  0.7827383303  
0.1143896112  1.220318003  2.060439854  -1.743985762  1.535121664  2.500121342  0.7862676579  -1.515034533  -1.095322171  0.2311921649  
-2.240272889  -1.401385257  1.383099299  0.1517997184  0.1288924978  0.6160253463  3.459332033  -1.182878911  -0.55163122  1.203517639  
-3.998718374  -0.9255089888  0.1288921392  2.030828795  1.528576565  -1.953559294  3.542649448  -1.438928942  -1.181802746  1.234537592  
-3.738903991  1.024931004  -0.1776393226  -6.565340778  1.024315672  0.9810311241  0.6454134788  0.9866496567  3.700244911  1.796805849  
-0.4288631563  -3.238330512  -3.097618805  -1.116377047  -1.304330493  0.3889004249  0.3582515475  -0.1161421416  1.954738711  0.6383208  
4.768688371  -0.5012515372  -0.6357730833  1.072650766  -2.047274992  -0.3767322345  -3.284936644  1.450075663  1.804976374  -2.498397576  
